# total channels: 8254
channel	plane	wire
0	0	0
1	0	1
2	0	2
3	0	3
4	0	4
5	0	5
6	0	6
7	0	7
8	0	8
9	0	9
10	0	10
11	0	11
12	0	12
13	0	13
14	0	14
15	0	15
16	0	16
17	0	17
18	0	18
19	0	19
20	0	20
21	0	21
22	0	22
23	0	23
24	0	24
25	0	25
26	0	26
27	0	27
28	0	28
29	0	29
30	0	30
31	0	31
32	0	32
33	0	33
34	0	34
35	0	35
36	0	36
37	0	37
38	0	38
39	0	39
40	0	40
41	0	41
42	0	42
43	0	43
44	0	44
45	0	45
46	0	46
47	0	47
48	0	48
49	0	49
50	0	50
51	0	51
52	0	52
53	0	53
54	0	54
55	0	55
56	0	56
57	0	57
58	0	58
59	0	59
60	0	60
61	0	61
62	0	62
63	0	63
64	0	64
65	0	65
66	0	66
67	0	67
68	0	68
69	0	69
70	0	70
71	0	71
72	0	72
73	0	73
74	0	74
75	0	75
76	0	76
77	0	77
78	0	78
79	0	79
80	0	80
81	0	81
82	0	82
83	0	83
84	0	84
85	0	85
86	0	86
87	0	87
88	0	88
89	0	89
90	0	90
91	0	91
92	0	92
93	0	93
94	0	94
95	0	95
96	0	96
97	0	97
98	0	98
99	0	99
100	0	100
101	0	101
102	0	102
103	0	103
104	0	104
105	0	105
106	0	106
107	0	107
108	0	108
109	0	109
110	0	110
111	0	111
112	0	112
113	0	113
114	0	114
115	0	115
116	0	116
117	0	117
118	0	118
119	0	119
120	0	120
121	0	121
122	0	122
123	0	123
124	0	124
125	0	125
126	0	126
127	0	127
128	0	128
129	0	129
130	0	130
131	0	131
132	0	132
133	0	133
134	0	134
135	0	135
136	0	136
137	0	137
138	0	138
139	0	139
140	0	140
141	0	141
142	0	142
143	0	143
144	0	144
145	0	145
146	0	146
147	0	147
148	0	148
149	0	149
150	0	150
151	0	151
152	0	152
153	0	153
154	0	154
155	0	155
156	0	156
157	0	157
158	0	158
159	0	159
160	0	160
161	0	161
162	0	162
163	0	163
164	0	164
165	0	165
166	0	166
167	0	167
168	0	168
169	0	169
170	0	170
171	0	171
172	0	172
173	0	173
174	0	174
175	0	175
176	0	176
177	0	177
178	0	178
179	0	179
180	0	180
181	0	181
182	0	182
183	0	183
184	0	184
185	0	185
186	0	186
187	0	187
188	0	188
189	0	189
190	0	190
191	0	191
192	0	192
193	0	193
194	0	194
195	0	195
196	0	196
197	0	197
198	0	198
199	0	199
200	0	200
201	0	201
202	0	202
203	0	203
204	0	204
205	0	205
206	0	206
207	0	207
208	0	208
209	0	209
210	0	210
211	0	211
212	0	212
213	0	213
214	0	214
215	0	215
216	0	216
217	0	217
218	0	218
219	0	219
220	0	220
221	0	221
222	0	222
223	0	223
224	0	224
225	0	225
226	0	226
227	0	227
228	0	228
229	0	229
230	0	230
231	0	231
232	0	232
233	0	233
234	0	234
235	0	235
236	0	236
237	0	237
238	0	238
239	0	239
240	0	240
241	0	241
242	0	242
243	0	243
244	0	244
245	0	245
246	0	246
247	0	247
248	0	248
249	0	249
250	0	250
251	0	251
252	0	252
253	0	253
254	0	254
255	0	255
256	0	256
257	0	257
258	0	258
259	0	259
260	0	260
261	0	261
262	0	262
263	0	263
264	0	264
265	0	265
266	0	266
267	0	267
268	0	268
269	0	269
270	0	270
271	0	271
272	0	272
273	0	273
274	0	274
275	0	275
276	0	276
277	0	277
278	0	278
279	0	279
280	0	280
281	0	281
282	0	282
283	0	283
284	0	284
285	0	285
286	0	286
287	0	287
288	0	288
289	0	289
290	0	290
291	0	291
292	0	292
293	0	293
294	0	294
295	0	295
296	0	296
297	0	297
298	0	298
299	0	299
300	0	300
301	0	301
302	0	302
303	0	303
304	0	304
305	0	305
306	0	306
307	0	307
308	0	308
309	0	309
310	0	310
311	0	311
312	0	312
313	0	313
314	0	314
315	0	315
316	0	316
317	0	317
318	0	318
319	0	319
320	0	320
321	0	321
322	0	322
323	0	323
324	0	324
325	0	325
326	0	326
327	0	327
328	0	328
329	0	329
330	0	330
331	0	331
332	0	332
333	0	333
334	0	334
335	0	335
336	0	336
337	0	337
338	0	338
339	0	339
340	0	340
341	0	341
342	0	342
343	0	343
344	0	344
345	0	345
346	0	346
347	0	347
348	0	348
349	0	349
350	0	350
351	0	351
352	0	352
353	0	353
354	0	354
355	0	355
356	0	356
357	0	357
358	0	358
359	0	359
360	0	360
361	0	361
362	0	362
363	0	363
364	0	364
365	0	365
366	0	366
367	0	367
368	0	368
369	0	369
370	0	370
371	0	371
372	0	372
373	0	373
374	0	374
375	0	375
376	0	376
377	0	377
378	0	378
379	0	379
380	0	380
381	0	381
382	0	382
383	0	383
384	0	384
385	0	385
386	0	386
387	0	387
388	0	388
389	0	389
390	0	390
391	0	391
392	0	392
393	0	393
394	0	394
395	0	395
396	0	396
397	0	397
398	0	398
399	0	399
400	0	400
401	0	401
402	0	402
403	0	403
404	0	404
405	0	405
406	0	406
407	0	407
408	0	408
409	0	409
410	0	410
411	0	411
412	0	412
413	0	413
414	0	414
415	0	415
416	0	416
417	0	417
418	0	418
419	0	419
420	0	420
421	0	421
422	0	422
423	0	423
424	0	424
425	0	425
426	0	426
427	0	427
428	0	428
429	0	429
430	0	430
431	0	431
432	0	432
433	0	433
434	0	434
435	0	435
436	0	436
437	0	437
438	0	438
439	0	439
440	0	440
441	0	441
442	0	442
443	0	443
444	0	444
445	0	445
446	0	446
447	0	447
448	0	448
449	0	449
450	0	450
451	0	451
452	0	452
453	0	453
454	0	454
455	0	455
456	0	456
457	0	457
458	0	458
459	0	459
460	0	460
461	0	461
462	0	462
463	0	463
464	0	464
465	0	465
466	0	466
467	0	467
468	0	468
469	0	469
470	0	470
471	0	471
472	0	472
473	0	473
474	0	474
475	0	475
476	0	476
477	0	477
478	0	478
479	0	479
480	0	480
481	0	481
482	0	482
483	0	483
484	0	484
485	0	485
486	0	486
487	0	487
488	0	488
489	0	489
490	0	490
491	0	491
492	0	492
493	0	493
494	0	494
495	0	495
496	0	496
497	0	497
498	0	498
499	0	499
500	0	500
501	0	501
502	0	502
503	0	503
504	0	504
505	0	505
506	0	506
507	0	507
508	0	508
509	0	509
510	0	510
511	0	511
512	0	512
513	0	513
514	0	514
515	0	515
516	0	516
517	0	517
518	0	518
519	0	519
520	0	520
521	0	521
522	0	522
523	0	523
524	0	524
525	0	525
526	0	526
527	0	527
528	0	528
529	0	529
530	0	530
531	0	531
532	0	532
533	0	533
534	0	534
535	0	535
536	0	536
537	0	537
538	0	538
539	0	539
540	0	540
541	0	541
542	0	542
543	0	543
544	0	544
545	0	545
546	0	546
547	0	547
548	0	548
549	0	549
550	0	550
551	0	551
552	0	552
553	0	553
554	0	554
555	0	555
556	0	556
557	0	557
558	0	558
559	0	559
560	0	560
561	0	561
562	0	562
563	0	563
564	0	564
565	0	565
566	0	566
567	0	567
568	0	568
569	0	569
570	0	570
571	0	571
572	0	572
573	0	573
574	0	574
575	0	575
576	0	576
577	0	577
578	0	578
579	0	579
580	0	580
581	0	581
582	0	582
583	0	583
584	0	584
585	0	585
586	0	586
587	0	587
588	0	588
589	0	589
590	0	590
591	0	591
592	0	592
593	0	593
594	0	594
595	0	595
596	0	596
597	0	597
598	0	598
599	0	599
600	0	600
601	0	601
602	0	602
603	0	603
604	0	604
605	0	605
606	0	606
607	0	607
608	0	608
609	0	609
610	0	610
611	0	611
612	0	612
613	0	613
614	0	614
615	0	615
616	0	616
617	0	617
618	0	618
619	0	619
620	0	620
621	0	621
622	0	622
623	0	623
624	0	624
625	0	625
626	0	626
627	0	627
628	0	628
629	0	629
630	0	630
631	0	631
632	0	632
633	0	633
634	0	634
635	0	635
636	0	636
637	0	637
638	0	638
639	0	639
640	0	640
641	0	641
642	0	642
643	0	643
644	0	644
645	0	645
646	0	646
647	0	647
648	0	648
649	0	649
650	0	650
651	0	651
652	0	652
653	0	653
654	0	654
655	0	655
656	0	656
657	0	657
658	0	658
659	0	659
660	0	660
661	0	661
662	0	662
663	0	663
664	0	664
665	0	665
666	0	666
667	0	667
668	0	668
669	0	669
670	0	670
671	0	671
672	0	672
673	0	673
674	0	674
675	0	675
676	0	676
677	0	677
678	0	678
679	0	679
680	0	680
681	0	681
682	0	682
683	0	683
684	0	684
685	0	685
686	0	686
687	0	687
688	0	688
689	0	689
690	0	690
691	0	691
692	0	692
693	0	693
694	0	694
695	0	695
696	0	696
697	0	697
698	0	698
699	0	699
700	0	700
701	0	701
702	0	702
703	0	703
704	0	704
705	0	705
706	0	706
707	0	707
708	0	708
709	0	709
710	0	710
711	0	711
712	0	712
713	0	713
714	0	714
715	0	715
716	0	716
717	0	717
718	0	718
719	0	719
720	0	720
721	0	721
722	0	722
723	0	723
724	0	724
725	0	725
726	0	726
727	0	727
728	0	728
729	0	729
730	0	730
731	0	731
732	0	732
733	0	733
734	0	734
735	0	735
736	0	736
737	0	737
738	0	738
739	0	739
740	0	740
741	0	741
742	0	742
743	0	743
744	0	744
745	0	745
746	0	746
747	0	747
748	0	748
749	0	749
750	0	750
751	0	751
752	0	752
753	0	753
754	0	754
755	0	755
756	0	756
757	0	757
758	0	758
759	0	759
760	0	760
761	0	761
762	0	762
763	0	763
764	0	764
765	0	765
766	0	766
767	0	767
768	0	768
769	0	769
770	0	770
771	0	771
772	0	772
773	0	773
774	0	774
775	0	775
776	0	776
777	0	777
778	0	778
779	0	779
780	0	780
781	0	781
782	0	782
783	0	783
784	0	784
785	0	785
786	0	786
787	0	787
788	0	788
789	0	789
790	0	790
791	0	791
792	0	792
793	0	793
794	0	794
795	0	795
796	0	796
797	0	797
798	0	798
799	0	799
800	0	800
801	0	801
802	0	802
803	0	803
804	0	804
805	0	805
806	0	806
807	0	807
808	0	808
809	0	809
810	0	810
811	0	811
812	0	812
813	0	813
814	0	814
815	0	815
816	0	816
817	0	817
818	0	818
819	0	819
820	0	820
821	0	821
822	0	822
823	0	823
824	0	824
825	0	825
826	0	826
827	0	827
828	0	828
829	0	829
830	0	830
831	0	831
832	0	832
833	0	833
834	0	834
835	0	835
836	0	836
837	0	837
838	0	838
839	0	839
840	0	840
841	0	841
842	0	842
843	0	843
844	0	844
845	0	845
846	0	846
847	0	847
848	0	848
849	0	849
850	0	850
851	0	851
852	0	852
853	0	853
854	0	854
855	0	855
856	0	856
857	0	857
858	0	858
859	0	859
860	0	860
861	0	861
862	0	862
863	0	863
864	0	864
865	0	865
866	0	866
867	0	867
868	0	868
869	0	869
870	0	870
871	0	871
872	0	872
873	0	873
874	0	874
875	0	875
876	0	876
877	0	877
878	0	878
879	0	879
880	0	880
881	0	881
882	0	882
883	0	883
884	0	884
885	0	885
886	0	886
887	0	887
888	0	888
889	0	889
890	0	890
891	0	891
892	0	892
893	0	893
894	0	894
895	0	895
896	0	896
897	0	897
898	0	898
899	0	899
900	0	900
901	0	901
902	0	902
903	0	903
904	0	904
905	0	905
906	0	906
907	0	907
908	0	908
909	0	909
910	0	910
911	0	911
912	0	912
913	0	913
914	0	914
915	0	915
916	0	916
917	0	917
918	0	918
919	0	919
920	0	920
921	0	921
922	0	922
923	0	923
924	0	924
925	0	925
926	0	926
927	0	927
928	0	928
929	0	929
930	0	930
931	0	931
932	0	932
933	0	933
934	0	934
935	0	935
936	0	936
937	0	937
938	0	938
939	0	939
940	0	940
941	0	941
942	0	942
943	0	943
944	0	944
945	0	945
946	0	946
947	0	947
948	0	948
949	0	949
950	0	950
951	0	951
952	0	952
953	0	953
954	0	954
955	0	955
956	0	956
957	0	957
958	0	958
959	0	959
960	0	960
961	0	961
962	0	962
963	0	963
964	0	964
965	0	965
966	0	966
967	0	967
968	0	968
969	0	969
970	0	970
971	0	971
972	0	972
973	0	973
974	0	974
975	0	975
976	0	976
977	0	977
978	0	978
979	0	979
980	0	980
981	0	981
982	0	982
983	0	983
984	0	984
985	0	985
986	0	986
987	0	987
988	0	988
989	0	989
990	0	990
991	0	991
992	0	992
993	0	993
994	0	994
995	0	995
996	0	996
997	0	997
998	0	998
999	0	999
1000	0	1000
1001	0	1001
1002	0	1002
1003	0	1003
1004	0	1004
1005	0	1005
1006	0	1006
1007	0	1007
1008	0	1008
1009	0	1009
1010	0	1010
1011	0	1011
1012	0	1012
1013	0	1013
1014	0	1014
1015	0	1015
1016	0	1016
1017	0	1017
1018	0	1018
1019	0	1019
1020	0	1020
1021	0	1021
1022	0	1022
1023	0	1023
1024	0	1024
1025	0	1025
1026	0	1026
1027	0	1027
1028	0	1028
1029	0	1029
1030	0	1030
1031	0	1031
1032	0	1032
1033	0	1033
1034	0	1034
1035	0	1035
1036	0	1036
1037	0	1037
1038	0	1038
1039	0	1039
1040	0	1040
1041	0	1041
1042	0	1042
1043	0	1043
1044	0	1044
1045	0	1045
1046	0	1046
1047	0	1047
1048	0	1048
1049	0	1049
1050	0	1050
1051	0	1051
1052	0	1052
1053	0	1053
1054	0	1054
1055	0	1055
1056	0	1056
1057	0	1057
1058	0	1058
1059	0	1059
1060	0	1060
1061	0	1061
1062	0	1062
1063	0	1063
1064	0	1064
1065	0	1065
1066	0	1066
1067	0	1067
1068	0	1068
1069	0	1069
1070	0	1070
1071	0	1071
1072	0	1072
1073	0	1073
1074	0	1074
1075	0	1075
1076	0	1076
1077	0	1077
1078	0	1078
1079	0	1079
1080	0	1080
1081	0	1081
1082	0	1082
1083	0	1083
1084	0	1084
1085	0	1085
1086	0	1086
1087	0	1087
1088	0	1088
1089	0	1089
1090	0	1090
1091	0	1091
1092	0	1092
1093	0	1093
1094	0	1094
1095	0	1095
1096	0	1096
1097	0	1097
1098	0	1098
1099	0	1099
1100	0	1100
1101	0	1101
1102	0	1102
1103	0	1103
1104	0	1104
1105	0	1105
1106	0	1106
1107	0	1107
1108	0	1108
1109	0	1109
1110	0	1110
1111	0	1111
1112	0	1112
1113	0	1113
1114	0	1114
1115	0	1115
1116	0	1116
1117	0	1117
1118	0	1118
1119	0	1119
1120	0	1120
1121	0	1121
1122	0	1122
1123	0	1123
1124	0	1124
1125	0	1125
1126	0	1126
1127	0	1127
1128	0	1128
1129	0	1129
1130	0	1130
1131	0	1131
1132	0	1132
1133	0	1133
1134	0	1134
1135	0	1135
1136	0	1136
1137	0	1137
1138	0	1138
1139	0	1139
1140	0	1140
1141	0	1141
1142	0	1142
1143	0	1143
1144	0	1144
1145	0	1145
1146	0	1146
1147	0	1147
1148	0	1148
1149	0	1149
1150	0	1150
1151	0	1151
1152	0	1152
1153	0	1153
1154	0	1154
1155	0	1155
1156	0	1156
1157	0	1157
1158	0	1158
1159	0	1159
1160	0	1160
1161	0	1161
1162	0	1162
1163	0	1163
1164	0	1164
1165	0	1165
1166	0	1166
1167	0	1167
1168	0	1168
1169	0	1169
1170	0	1170
1171	0	1171
1172	0	1172
1173	0	1173
1174	0	1174
1175	0	1175
1176	0	1176
1177	0	1177
1178	0	1178
1179	0	1179
1180	0	1180
1181	0	1181
1182	0	1182
1183	0	1183
1184	0	1184
1185	0	1185
1186	0	1186
1187	0	1187
1188	0	1188
1189	0	1189
1190	0	1190
1191	0	1191
1192	0	1192
1193	0	1193
1194	0	1194
1195	0	1195
1196	0	1196
1197	0	1197
1198	0	1198
1199	0	1199
1200	0	1200
1201	0	1201
1202	0	1202
1203	0	1203
1204	0	1204
1205	0	1205
1206	0	1206
1207	0	1207
1208	0	1208
1209	0	1209
1210	0	1210
1211	0	1211
1212	0	1212
1213	0	1213
1214	0	1214
1215	0	1215
1216	0	1216
1217	0	1217
1218	0	1218
1219	0	1219
1220	0	1220
1221	0	1221
1222	0	1222
1223	0	1223
1224	0	1224
1225	0	1225
1226	0	1226
1227	0	1227
1228	0	1228
1229	0	1229
1230	0	1230
1231	0	1231
1232	0	1232
1233	0	1233
1234	0	1234
1235	0	1235
1236	0	1236
1237	0	1237
1238	0	1238
1239	0	1239
1240	0	1240
1241	0	1241
1242	0	1242
1243	0	1243
1244	0	1244
1245	0	1245
1246	0	1246
1247	0	1247
1248	0	1248
1249	0	1249
1250	0	1250
1251	0	1251
1252	0	1252
1253	0	1253
1254	0	1254
1255	0	1255
1256	0	1256
1257	0	1257
1258	0	1258
1259	0	1259
1260	0	1260
1261	0	1261
1262	0	1262
1263	0	1263
1264	0	1264
1265	0	1265
1266	0	1266
1267	0	1267
1268	0	1268
1269	0	1269
1270	0	1270
1271	0	1271
1272	0	1272
1273	0	1273
1274	0	1274
1275	0	1275
1276	0	1276
1277	0	1277
1278	0	1278
1279	0	1279
1280	0	1280
1281	0	1281
1282	0	1282
1283	0	1283
1284	0	1284
1285	0	1285
1286	0	1286
1287	0	1287
1288	0	1288
1289	0	1289
1290	0	1290
1291	0	1291
1292	0	1292
1293	0	1293
1294	0	1294
1295	0	1295
1296	0	1296
1297	0	1297
1298	0	1298
1299	0	1299
1300	0	1300
1301	0	1301
1302	0	1302
1303	0	1303
1304	0	1304
1305	0	1305
1306	0	1306
1307	0	1307
1308	0	1308
1309	0	1309
1310	0	1310
1311	0	1311
1312	0	1312
1313	0	1313
1314	0	1314
1315	0	1315
1316	0	1316
1317	0	1317
1318	0	1318
1319	0	1319
1320	0	1320
1321	0	1321
1322	0	1322
1323	0	1323
1324	0	1324
1325	0	1325
1326	0	1326
1327	0	1327
1328	0	1328
1329	0	1329
1330	0	1330
1331	0	1331
1332	0	1332
1333	0	1333
1334	0	1334
1335	0	1335
1336	0	1336
1337	0	1337
1338	0	1338
1339	0	1339
1340	0	1340
1341	0	1341
1342	0	1342
1343	0	1343
1344	0	1344
1345	0	1345
1346	0	1346
1347	0	1347
1348	0	1348
1349	0	1349
1350	0	1350
1351	0	1351
1352	0	1352
1353	0	1353
1354	0	1354
1355	0	1355
1356	0	1356
1357	0	1357
1358	0	1358
1359	0	1359
1360	0	1360
1361	0	1361
1362	0	1362
1363	0	1363
1364	0	1364
1365	0	1365
1366	0	1366
1367	0	1367
1368	0	1368
1369	0	1369
1370	0	1370
1371	0	1371
1372	0	1372
1373	0	1373
1374	0	1374
1375	0	1375
1376	0	1376
1377	0	1377
1378	0	1378
1379	0	1379
1380	0	1380
1381	0	1381
1382	0	1382
1383	0	1383
1384	0	1384
1385	0	1385
1386	0	1386
1387	0	1387
1388	0	1388
1389	0	1389
1390	0	1390
1391	0	1391
1392	0	1392
1393	0	1393
1394	0	1394
1395	0	1395
1396	0	1396
1397	0	1397
1398	0	1398
1399	0	1399
1400	0	1400
1401	0	1401
1402	0	1402
1403	0	1403
1404	0	1404
1405	0	1405
1406	0	1406
1407	0	1407
1408	0	1408
1409	0	1409
1410	0	1410
1411	0	1411
1412	0	1412
1413	0	1413
1414	0	1414
1415	0	1415
1416	0	1416
1417	0	1417
1418	0	1418
1419	0	1419
1420	0	1420
1421	0	1421
1422	0	1422
1423	0	1423
1424	0	1424
1425	0	1425
1426	0	1426
1427	0	1427
1428	0	1428
1429	0	1429
1430	0	1430
1431	0	1431
1432	0	1432
1433	0	1433
1434	0	1434
1435	0	1435
1436	0	1436
1437	0	1437
1438	0	1438
1439	0	1439
1440	0	1440
1441	0	1441
1442	0	1442
1443	0	1443
1444	0	1444
1445	0	1445
1446	0	1446
1447	0	1447
1448	0	1448
1449	0	1449
1450	0	1450
1451	0	1451
1452	0	1452
1453	0	1453
1454	0	1454
1455	0	1455
1456	0	1456
1457	0	1457
1458	0	1458
1459	0	1459
1460	0	1460
1461	0	1461
1462	0	1462
1463	0	1463
1464	0	1464
1465	0	1465
1466	0	1466
1467	0	1467
1468	0	1468
1469	0	1469
1470	0	1470
1471	0	1471
1472	0	1472
1473	0	1473
1474	0	1474
1475	0	1475
1476	0	1476
1477	0	1477
1478	0	1478
1479	0	1479
1480	0	1480
1481	0	1481
1482	0	1482
1483	0	1483
1484	0	1484
1485	0	1485
1486	0	1486
1487	0	1487
1488	0	1488
1489	0	1489
1490	0	1490
1491	0	1491
1492	0	1492
1493	0	1493
1494	0	1494
1495	0	1495
1496	0	1496
1497	0	1497
1498	0	1498
1499	0	1499
1500	0	1500
1501	0	1501
1502	0	1502
1503	0	1503
1504	0	1504
1505	0	1505
1506	0	1506
1507	0	1507
1508	0	1508
1509	0	1509
1510	0	1510
1511	0	1511
1512	0	1512
1513	0	1513
1514	0	1514
1515	0	1515
1516	0	1516
1517	0	1517
1518	0	1518
1519	0	1519
1520	0	1520
1521	0	1521
1522	0	1522
1523	0	1523
1524	0	1524
1525	0	1525
1526	0	1526
1527	0	1527
1528	0	1528
1529	0	1529
1530	0	1530
1531	0	1531
1532	0	1532
1533	0	1533
1534	0	1534
1535	0	1535
1536	0	1536
1537	0	1537
1538	0	1538
1539	0	1539
1540	0	1540
1541	0	1541
1542	0	1542
1543	0	1543
1544	0	1544
1545	0	1545
1546	0	1546
1547	0	1547
1548	0	1548
1549	0	1549
1550	0	1550
1551	0	1551
1552	0	1552
1553	0	1553
1554	0	1554
1555	0	1555
1556	0	1556
1557	0	1557
1558	0	1558
1559	0	1559
1560	0	1560
1561	0	1561
1562	0	1562
1563	0	1563
1564	0	1564
1565	0	1565
1566	0	1566
1567	0	1567
1568	0	1568
1569	0	1569
1570	0	1570
1571	0	1571
1572	0	1572
1573	0	1573
1574	0	1574
1575	0	1575
1576	0	1576
1577	0	1577
1578	0	1578
1579	0	1579
1580	0	1580
1581	0	1581
1582	0	1582
1583	0	1583
1584	0	1584
1585	0	1585
1586	0	1586
1587	0	1587
1588	0	1588
1589	0	1589
1590	0	1590
1591	0	1591
1592	0	1592
1593	0	1593
1594	0	1594
1595	0	1595
1596	0	1596
1597	0	1597
1598	0	1598
1599	0	1599
1600	0	1600
1601	0	1601
1602	0	1602
1603	0	1603
1604	0	1604
1605	0	1605
1606	0	1606
1607	0	1607
1608	0	1608
1609	0	1609
1610	0	1610
1611	0	1611
1612	0	1612
1613	0	1613
1614	0	1614
1615	0	1615
1616	0	1616
1617	0	1617
1618	0	1618
1619	0	1619
1620	0	1620
1621	0	1621
1622	0	1622
1623	0	1623
1624	0	1624
1625	0	1625
1626	0	1626
1627	0	1627
1628	0	1628
1629	0	1629
1630	0	1630
1631	0	1631
1632	0	1632
1633	0	1633
1634	0	1634
1635	0	1635
1636	0	1636
1637	0	1637
1638	0	1638
1639	0	1639
1640	0	1640
1641	0	1641
1642	0	1642
1643	0	1643
1644	0	1644
1645	0	1645
1646	0	1646
1647	0	1647
1648	0	1648
1649	0	1649
1650	0	1650
1651	0	1651
1652	0	1652
1653	0	1653
1654	0	1654
1655	0	1655
1656	0	1656
1657	0	1657
1658	0	1658
1659	0	1659
1660	0	1660
1661	0	1661
1662	0	1662
1663	0	1663
1664	0	1664
1665	0	1665
1666	0	1666
1667	0	1667
1668	0	1668
1669	0	1669
1670	0	1670
1671	0	1671
1672	0	1672
1673	0	1673
1674	0	1674
1675	0	1675
1676	0	1676
1677	0	1677
1678	0	1678
1679	0	1679
1680	0	1680
1681	0	1681
1682	0	1682
1683	0	1683
1684	0	1684
1685	0	1685
1686	0	1686
1687	0	1687
1688	0	1688
1689	0	1689
1690	0	1690
1691	0	1691
1692	0	1692
1693	0	1693
1694	0	1694
1695	0	1695
1696	0	1696
1697	0	1697
1698	0	1698
1699	0	1699
1700	0	1700
1701	0	1701
1702	0	1702
1703	0	1703
1704	0	1704
1705	0	1705
1706	0	1706
1707	0	1707
1708	0	1708
1709	0	1709
1710	0	1710
1711	0	1711
1712	0	1712
1713	0	1713
1714	0	1714
1715	0	1715
1716	0	1716
1717	0	1717
1718	0	1718
1719	0	1719
1720	0	1720
1721	0	1721
1722	0	1722
1723	0	1723
1724	0	1724
1725	0	1725
1726	0	1726
1727	0	1727
1728	0	1728
1729	0	1729
1730	0	1730
1731	0	1731
1732	0	1732
1733	0	1733
1734	0	1734
1735	0	1735
1736	0	1736
1737	0	1737
1738	0	1738
1739	0	1739
1740	0	1740
1741	0	1741
1742	0	1742
1743	0	1743
1744	0	1744
1745	0	1745
1746	0	1746
1747	0	1747
1748	0	1748
1749	0	1749
1750	0	1750
1751	0	1751
1752	0	1752
1753	0	1753
1754	0	1754
1755	0	1755
1756	0	1756
1757	0	1757
1758	0	1758
1759	0	1759
1760	0	1760
1761	0	1761
1762	0	1762
1763	0	1763
1764	0	1764
1765	0	1765
1766	0	1766
1767	0	1767
1768	0	1768
1769	0	1769
1770	0	1770
1771	0	1771
1772	0	1772
1773	0	1773
1774	0	1774
1775	0	1775
1776	0	1776
1777	0	1777
1778	0	1778
1779	0	1779
1780	0	1780
1781	0	1781
1782	0	1782
1783	0	1783
1784	0	1784
1785	0	1785
1786	0	1786
1787	0	1787
1788	0	1788
1789	0	1789
1790	0	1790
1791	0	1791
1792	0	1792
1793	0	1793
1794	0	1794
1795	0	1795
1796	0	1796
1797	0	1797
1798	0	1798
1799	0	1799
1800	0	1800
1801	0	1801
1802	0	1802
1803	0	1803
1804	0	1804
1805	0	1805
1806	0	1806
1807	0	1807
1808	0	1808
1809	0	1809
1810	0	1810
1811	0	1811
1812	0	1812
1813	0	1813
1814	0	1814
1815	0	1815
1816	0	1816
1817	0	1817
1818	0	1818
1819	0	1819
1820	0	1820
1821	0	1821
1822	0	1822
1823	0	1823
1824	0	1824
1825	0	1825
1826	0	1826
1827	0	1827
1828	0	1828
1829	0	1829
1830	0	1830
1831	0	1831
1832	0	1832
1833	0	1833
1834	0	1834
1835	0	1835
1836	0	1836
1837	0	1837
1838	0	1838
1839	0	1839
1840	0	1840
1841	0	1841
1842	0	1842
1843	0	1843
1844	0	1844
1845	0	1845
1846	0	1846
1847	0	1847
1848	0	1848
1849	0	1849
1850	0	1850
1851	0	1851
1852	0	1852
1853	0	1853
1854	0	1854
1855	0	1855
1856	0	1856
1857	0	1857
1858	0	1858
1859	0	1859
1860	0	1860
1861	0	1861
1862	0	1862
1863	0	1863
1864	0	1864
1865	0	1865
1866	0	1866
1867	0	1867
1868	0	1868
1869	0	1869
1870	0	1870
1871	0	1871
1872	0	1872
1873	0	1873
1874	0	1874
1875	0	1875
1876	0	1876
1877	0	1877
1878	0	1878
1879	0	1879
1880	0	1880
1881	0	1881
1882	0	1882
1883	0	1883
1884	0	1884
1885	0	1885
1886	0	1886
1887	0	1887
1888	0	1888
1889	0	1889
1890	0	1890
1891	0	1891
1892	0	1892
1893	0	1893
1894	0	1894
1895	0	1895
1896	0	1896
1897	0	1897
1898	0	1898
1899	0	1899
1900	0	1900
1901	0	1901
1902	0	1902
1903	0	1903
1904	0	1904
1905	0	1905
1906	0	1906
1907	0	1907
1908	0	1908
1909	0	1909
1910	0	1910
1911	0	1911
1912	0	1912
1913	0	1913
1914	0	1914
1915	0	1915
1916	0	1916
1917	0	1917
1918	0	1918
1919	0	1919
1920	0	1920
1921	0	1921
1922	0	1922
1923	0	1923
1924	0	1924
1925	0	1925
1926	0	1926
1927	0	1927
1928	0	1928
1929	0	1929
1930	0	1930
1931	0	1931
1932	0	1932
1933	0	1933
1934	0	1934
1935	0	1935
1936	0	1936
1937	0	1937
1938	0	1938
1939	0	1939
1940	0	1940
1941	0	1941
1942	0	1942
1943	0	1943
1944	0	1944
1945	0	1945
1946	0	1946
1947	0	1947
1948	0	1948
1949	0	1949
1950	0	1950
1951	0	1951
1952	0	1952
1953	0	1953
1954	0	1954
1955	0	1955
1956	0	1956
1957	0	1957
1958	0	1958
1959	0	1959
1960	0	1960
1961	0	1961
1962	0	1962
1963	0	1963
1964	0	1964
1965	0	1965
1966	0	1966
1967	0	1967
1968	0	1968
1969	0	1969
1970	0	1970
1971	0	1971
1972	0	1972
1973	0	1973
1974	0	1974
1975	0	1975
1976	0	1976
1977	0	1977
1978	0	1978
1979	0	1979
1980	0	1980
1981	0	1981
1982	0	1982
1983	0	1983
1984	0	1984
1985	0	1985
1986	0	1986
1987	0	1987
1988	0	1988
1989	0	1989
1990	0	1990
1991	0	1991
1992	0	1992
1993	0	1993
1994	0	1994
1995	0	1995
1996	0	1996
1997	0	1997
1998	0	1998
1999	0	1999
2000	0	2000
2001	0	2001
2002	0	2002
2003	0	2003
2004	0	2004
2005	0	2005
2006	0	2006
2007	0	2007
2008	0	2008
2009	0	2009
2010	0	2010
2011	0	2011
2012	0	2012
2013	0	2013
2014	0	2014
2015	0	2015
2016	0	2016
2017	0	2017
2018	0	2018
2019	0	2019
2020	0	2020
2021	0	2021
2022	0	2022
2023	0	2023
2024	0	2024
2025	0	2025
2026	0	2026
2027	0	2027
2028	0	2028
2029	0	2029
2030	0	2030
2031	0	2031
2032	0	2032
2033	0	2033
2034	0	2034
2035	0	2035
2036	0	2036
2037	0	2037
2038	0	2038
2039	0	2039
2040	0	2040
2041	0	2041
2042	0	2042
2043	0	2043
2044	0	2044
2045	0	2045
2046	0	2046
2047	0	2047
2048	0	2048
2049	0	2049
2050	0	2050
2051	0	2051
2052	0	2052
2053	0	2053
2054	0	2054
2055	0	2055
2056	0	2056
2057	0	2057
2058	0	2058
2059	0	2059
2060	0	2060
2061	0	2061
2062	0	2062
2063	0	2063
2064	0	2064
2065	0	2065
2066	0	2066
2067	0	2067
2068	0	2068
2069	0	2069
2070	0	2070
2071	0	2071
2072	0	2072
2073	0	2073
2074	0	2074
2075	0	2075
2076	0	2076
2077	0	2077
2078	0	2078
2079	0	2079
2080	0	2080
2081	0	2081
2082	0	2082
2083	0	2083
2084	0	2084
2085	0	2085
2086	0	2086
2087	0	2087
2088	0	2088
2089	0	2089
2090	0	2090
2091	0	2091
2092	0	2092
2093	0	2093
2094	0	2094
2095	0	2095
2096	0	2096
2097	0	2097
2098	0	2098
2099	0	2099
2100	0	2100
2101	0	2101
2102	0	2102
2103	0	2103
2104	0	2104
2105	0	2105
2106	0	2106
2107	0	2107
2108	0	2108
2109	0	2109
2110	0	2110
2111	0	2111
2112	0	2112
2113	0	2113
2114	0	2114
2115	0	2115
2116	0	2116
2117	0	2117
2118	0	2118
2119	0	2119
2120	0	2120
2121	0	2121
2122	0	2122
2123	0	2123
2124	0	2124
2125	0	2125
2126	0	2126
2127	0	2127
2128	0	2128
2129	0	2129
2130	0	2130
2131	0	2131
2132	0	2132
2133	0	2133
2134	0	2134
2135	0	2135
2136	0	2136
2137	0	2137
2138	0	2138
2139	0	2139
2140	0	2140
2141	0	2141
2142	0	2142
2143	0	2143
2144	0	2144
2145	0	2145
2146	0	2146
2147	0	2147
2148	0	2148
2149	0	2149
2150	0	2150
2151	0	2151
2152	0	2152
2153	0	2153
2154	0	2154
2155	0	2155
2156	0	2156
2157	0	2157
2158	0	2158
2159	0	2159
2160	0	2160
2161	0	2161
2162	0	2162
2163	0	2163
2164	0	2164
2165	0	2165
2166	0	2166
2167	0	2167
2168	0	2168
2169	0	2169
2170	0	2170
2171	0	2171
2172	0	2172
2173	0	2173
2174	0	2174
2175	0	2175
2176	0	2176
2177	0	2177
2178	0	2178
2179	0	2179
2180	0	2180
2181	0	2181
2182	0	2182
2183	0	2183
2184	0	2184
2185	0	2185
2186	0	2186
2187	0	2187
2188	0	2188
2189	0	2189
2190	0	2190
2191	0	2191
2192	0	2192
2193	0	2193
2194	0	2194
2195	0	2195
2196	0	2196
2197	0	2197
2198	0	2198
2199	0	2199
2200	0	2200
2201	0	2201
2202	0	2202
2203	0	2203
2204	0	2204
2205	0	2205
2206	0	2206
2207	0	2207
2208	0	2208
2209	0	2209
2210	0	2210
2211	0	2211
2212	0	2212
2213	0	2213
2214	0	2214
2215	0	2215
2216	0	2216
2217	0	2217
2218	0	2218
2219	0	2219
2220	0	2220
2221	0	2221
2222	0	2222
2223	0	2223
2224	0	2224
2225	0	2225
2226	0	2226
2227	0	2227
2228	0	2228
2229	0	2229
2230	0	2230
2231	0	2231
2232	0	2232
2233	0	2233
2234	0	2234
2235	0	2235
2236	0	2236
2237	0	2237
2238	0	2238
2239	0	2239
2240	0	2240
2241	0	2241
2242	0	2242
2243	0	2243
2244	0	2244
2245	0	2245
2246	0	2246
2247	0	2247
2248	0	2248
2249	0	2249
2250	0	2250
2251	0	2251
2252	0	2252
2253	0	2253
2254	0	2254
2255	0	2255
2256	0	2256
2257	0	2257
2258	0	2258
2259	0	2259
2260	0	2260
2261	0	2261
2262	0	2262
2263	0	2263
2264	0	2264
2265	0	2265
2266	0	2266
2267	0	2267
2268	0	2268
2269	0	2269
2270	0	2270
2271	0	2271
2272	0	2272
2273	0	2273
2274	0	2274
2275	0	2275
2276	0	2276
2277	0	2277
2278	0	2278
2279	0	2279
2280	0	2280
2281	0	2281
2282	0	2282
2283	0	2283
2284	0	2284
2285	0	2285
2286	0	2286
2287	0	2287
2288	0	2288
2289	0	2289
2290	0	2290
2291	0	2291
2292	0	2292
2293	0	2293
2294	0	2294
2295	0	2295
2296	0	2296
2297	0	2297
2298	0	2298
2299	0	2299
2300	0	2300
2301	0	2301
2302	0	2302
2303	0	2303
2304	0	2304
2305	0	2305
2306	0	2306
2307	0	2307
2308	0	2308
2309	0	2309
2310	0	2310
2311	0	2311
2312	0	2312
2313	0	2313
2314	0	2314
2315	0	2315
2316	0	2316
2317	0	2317
2318	0	2318
2319	0	2319
2320	0	2320
2321	0	2321
2322	0	2322
2323	0	2323
2324	0	2324
2325	0	2325
2326	0	2326
2327	0	2327
2328	0	2328
2329	0	2329
2330	0	2330
2331	0	2331
2332	0	2332
2333	0	2333
2334	0	2334
2335	0	2335
2336	0	2336
2337	0	2337
2338	0	2338
2339	0	2339
2340	0	2340
2341	0	2341
2342	0	2342
2343	0	2343
2344	0	2344
2345	0	2345
2346	0	2346
2347	0	2347
2348	0	2348
2349	0	2349
2350	0	2350
2351	0	2351
2352	0	2352
2353	0	2353
2354	0	2354
2355	0	2355
2356	0	2356
2357	0	2357
2358	0	2358
2359	0	2359
2360	0	2360
2361	0	2361
2362	0	2362
2363	0	2363
2364	0	2364
2365	0	2365
2366	0	2366
2367	0	2367
2368	0	2368
2369	0	2369
2370	0	2370
2371	0	2371
2372	0	2372
2373	0	2373
2374	0	2374
2375	0	2375
2376	0	2376
2377	0	2377
2378	0	2378
2379	0	2379
2380	0	2380
2381	0	2381
2382	0	2382
2383	0	2383
2384	0	2384
2385	0	2385
2386	0	2386
2387	0	2387
2388	0	2388
2389	0	2389
2390	0	2390
2391	0	2391
2392	0	2392
2393	0	2393
2394	0	2394
2395	0	2395
2396	0	2396
2397	0	2397
2398	0	2398
2399	1	0
2400	1	1
2401	1	2
2402	1	3
2403	1	4
2404	1	5
2405	1	6
2406	1	7
2407	1	8
2408	1	9
2409	1	10
2410	1	11
2411	1	12
2412	1	13
2413	1	14
2414	1	15
2415	1	16
2416	1	17
2417	1	18
2418	1	19
2419	1	20
2420	1	21
2421	1	22
2422	1	23
2423	1	24
2424	1	25
2425	1	26
2426	1	27
2427	1	28
2428	1	29
2429	1	30
2430	1	31
2431	1	32
2432	1	33
2433	1	34
2434	1	35
2435	1	36
2436	1	37
2437	1	38
2438	1	39
2439	1	40
2440	1	41
2441	1	42
2442	1	43
2443	1	44
2444	1	45
2445	1	46
2446	1	47
2447	1	48
2448	1	49
2449	1	50
2450	1	51
2451	1	52
2452	1	53
2453	1	54
2454	1	55
2455	1	56
2456	1	57
2457	1	58
2458	1	59
2459	1	60
2460	1	61
2461	1	62
2462	1	63
2463	1	64
2464	1	65
2465	1	66
2466	1	67
2467	1	68
2468	1	69
2469	1	70
2470	1	71
2471	1	72
2472	1	73
2473	1	74
2474	1	75
2475	1	76
2476	1	77
2477	1	78
2478	1	79
2479	1	80
2480	1	81
2481	1	82
2482	1	83
2483	1	84
2484	1	85
2485	1	86
2486	1	87
2487	1	88
2488	1	89
2489	1	90
2490	1	91
2491	1	92
2492	1	93
2493	1	94
2494	1	95
2495	1	96
2496	1	97
2497	1	98
2498	1	99
2499	1	100
2500	1	101
2501	1	102
2502	1	103
2503	1	104
2504	1	105
2505	1	106
2506	1	107
2507	1	108
2508	1	109
2509	1	110
2510	1	111
2511	1	112
2512	1	113
2513	1	114
2514	1	115
2515	1	116
2516	1	117
2517	1	118
2518	1	119
2519	1	120
2520	1	121
2521	1	122
2522	1	123
2523	1	124
2524	1	125
2525	1	126
2526	1	127
2527	1	128
2528	1	129
2529	1	130
2530	1	131
2531	1	132
2532	1	133
2533	1	134
2534	1	135
2535	1	136
2536	1	137
2537	1	138
2538	1	139
2539	1	140
2540	1	141
2541	1	142
2542	1	143
2543	1	144
2544	1	145
2545	1	146
2546	1	147
2547	1	148
2548	1	149
2549	1	150
2550	1	151
2551	1	152
2552	1	153
2553	1	154
2554	1	155
2555	1	156
2556	1	157
2557	1	158
2558	1	159
2559	1	160
2560	1	161
2561	1	162
2562	1	163
2563	1	164
2564	1	165
2565	1	166
2566	1	167
2567	1	168
2568	1	169
2569	1	170
2570	1	171
2571	1	172
2572	1	173
2573	1	174
2574	1	175
2575	1	176
2576	1	177
2577	1	178
2578	1	179
2579	1	180
2580	1	181
2581	1	182
2582	1	183
2583	1	184
2584	1	185
2585	1	186
2586	1	187
2587	1	188
2588	1	189
2589	1	190
2590	1	191
2591	1	192
2592	1	193
2593	1	194
2594	1	195
2595	1	196
2596	1	197
2597	1	198
2598	1	199
2599	1	200
2600	1	201
2601	1	202
2602	1	203
2603	1	204
2604	1	205
2605	1	206
2606	1	207
2607	1	208
2608	1	209
2609	1	210
2610	1	211
2611	1	212
2612	1	213
2613	1	214
2614	1	215
2615	1	216
2616	1	217
2617	1	218
2618	1	219
2619	1	220
2620	1	221
2621	1	222
2622	1	223
2623	1	224
2624	1	225
2625	1	226
2626	1	227
2627	1	228
2628	1	229
2629	1	230
2630	1	231
2631	1	232
2632	1	233
2633	1	234
2634	1	235
2635	1	236
2636	1	237
2637	1	238
2638	1	239
2639	1	240
2640	1	241
2641	1	242
2642	1	243
2643	1	244
2644	1	245
2645	1	246
2646	1	247
2647	1	248
2648	1	249
2649	1	250
2650	1	251
2651	1	252
2652	1	253
2653	1	254
2654	1	255
2655	1	256
2656	1	257
2657	1	258
2658	1	259
2659	1	260
2660	1	261
2661	1	262
2662	1	263
2663	1	264
2664	1	265
2665	1	266
2666	1	267
2667	1	268
2668	1	269
2669	1	270
2670	1	271
2671	1	272
2672	1	273
2673	1	274
2674	1	275
2675	1	276
2676	1	277
2677	1	278
2678	1	279
2679	1	280
2680	1	281
2681	1	282
2682	1	283
2683	1	284
2684	1	285
2685	1	286
2686	1	287
2687	1	288
2688	1	289
2689	1	290
2690	1	291
2691	1	292
2692	1	293
2693	1	294
2694	1	295
2695	1	296
2696	1	297
2697	1	298
2698	1	299
2699	1	300
2700	1	301
2701	1	302
2702	1	303
2703	1	304
2704	1	305
2705	1	306
2706	1	307
2707	1	308
2708	1	309
2709	1	310
2710	1	311
2711	1	312
2712	1	313
2713	1	314
2714	1	315
2715	1	316
2716	1	317
2717	1	318
2718	1	319
2719	1	320
2720	1	321
2721	1	322
2722	1	323
2723	1	324
2724	1	325
2725	1	326
2726	1	327
2727	1	328
2728	1	329
2729	1	330
2730	1	331
2731	1	332
2732	1	333
2733	1	334
2734	1	335
2735	1	336
2736	1	337
2737	1	338
2738	1	339
2739	1	340
2740	1	341
2741	1	342
2742	1	343
2743	1	344
2744	1	345
2745	1	346
2746	1	347
2747	1	348
2748	1	349
2749	1	350
2750	1	351
2751	1	352
2752	1	353
2753	1	354
2754	1	355
2755	1	356
2756	1	357
2757	1	358
2758	1	359
2759	1	360
2760	1	361
2761	1	362
2762	1	363
2763	1	364
2764	1	365
2765	1	366
2766	1	367
2767	1	368
2768	1	369
2769	1	370
2770	1	371
2771	1	372
2772	1	373
2773	1	374
2774	1	375
2775	1	376
2776	1	377
2777	1	378
2778	1	379
2779	1	380
2780	1	381
2781	1	382
2782	1	383
2783	1	384
2784	1	385
2785	1	386
2786	1	387
2787	1	388
2788	1	389
2789	1	390
2790	1	391
2791	1	392
2792	1	393
2793	1	394
2794	1	395
2795	1	396
2796	1	397
2797	1	398
2798	1	399
2799	1	400
2800	1	401
2801	1	402
2802	1	403
2803	1	404
2804	1	405
2805	1	406
2806	1	407
2807	1	408
2808	1	409
2809	1	410
2810	1	411
2811	1	412
2812	1	413
2813	1	414
2814	1	415
2815	1	416
2816	1	417
2817	1	418
2818	1	419
2819	1	420
2820	1	421
2821	1	422
2822	1	423
2823	1	424
2824	1	425
2825	1	426
2826	1	427
2827	1	428
2828	1	429
2829	1	430
2830	1	431
2831	1	432
2832	1	433
2833	1	434
2834	1	435
2835	1	436
2836	1	437
2837	1	438
2838	1	439
2839	1	440
2840	1	441
2841	1	442
2842	1	443
2843	1	444
2844	1	445
2845	1	446
2846	1	447
2847	1	448
2848	1	449
2849	1	450
2850	1	451
2851	1	452
2852	1	453
2853	1	454
2854	1	455
2855	1	456
2856	1	457
2857	1	458
2858	1	459
2859	1	460
2860	1	461
2861	1	462
2862	1	463
2863	1	464
2864	1	465
2865	1	466
2866	1	467
2867	1	468
2868	1	469
2869	1	470
2870	1	471
2871	1	472
2872	1	473
2873	1	474
2874	1	475
2875	1	476
2876	1	477
2877	1	478
2878	1	479
2879	1	480
2880	1	481
2881	1	482
2882	1	483
2883	1	484
2884	1	485
2885	1	486
2886	1	487
2887	1	488
2888	1	489
2889	1	490
2890	1	491
2891	1	492
2892	1	493
2893	1	494
2894	1	495
2895	1	496
2896	1	497
2897	1	498
2898	1	499
2899	1	500
2900	1	501
2901	1	502
2902	1	503
2903	1	504
2904	1	505
2905	1	506
2906	1	507
2907	1	508
2908	1	509
2909	1	510
2910	1	511
2911	1	512
2912	1	513
2913	1	514
2914	1	515
2915	1	516
2916	1	517
2917	1	518
2918	1	519
2919	1	520
2920	1	521
2921	1	522
2922	1	523
2923	1	524
2924	1	525
2925	1	526
2926	1	527
2927	1	528
2928	1	529
2929	1	530
2930	1	531
2931	1	532
2932	1	533
2933	1	534
2934	1	535
2935	1	536
2936	1	537
2937	1	538
2938	1	539
2939	1	540
2940	1	541
2941	1	542
2942	1	543
2943	1	544
2944	1	545
2945	1	546
2946	1	547
2947	1	548
2948	1	549
2949	1	550
2950	1	551
2951	1	552
2952	1	553
2953	1	554
2954	1	555
2955	1	556
2956	1	557
2957	1	558
2958	1	559
2959	1	560
2960	1	561
2961	1	562
2962	1	563
2963	1	564
2964	1	565
2965	1	566
2966	1	567
2967	1	568
2968	1	569
2969	1	570
2970	1	571
2971	1	572
2972	1	573
2973	1	574
2974	1	575
2975	1	576
2976	1	577
2977	1	578
2978	1	579
2979	1	580
2980	1	581
2981	1	582
2982	1	583
2983	1	584
2984	1	585
2985	1	586
2986	1	587
2987	1	588
2988	1	589
2989	1	590
2990	1	591
2991	1	592
2992	1	593
2993	1	594
2994	1	595
2995	1	596
2996	1	597
2997	1	598
2998	1	599
2999	1	600
3000	1	601
3001	1	602
3002	1	603
3003	1	604
3004	1	605
3005	1	606
3006	1	607
3007	1	608
3008	1	609
3009	1	610
3010	1	611
3011	1	612
3012	1	613
3013	1	614
3014	1	615
3015	1	616
3016	1	617
3017	1	618
3018	1	619
3019	1	620
3020	1	621
3021	1	622
3022	1	623
3023	1	624
3024	1	625
3025	1	626
3026	1	627
3027	1	628
3028	1	629
3029	1	630
3030	1	631
3031	1	632
3032	1	633
3033	1	634
3034	1	635
3035	1	636
3036	1	637
3037	1	638
3038	1	639
3039	1	640
3040	1	641
3041	1	642
3042	1	643
3043	1	644
3044	1	645
3045	1	646
3046	1	647
3047	1	648
3048	1	649
3049	1	650
3050	1	651
3051	1	652
3052	1	653
3053	1	654
3054	1	655
3055	1	656
3056	1	657
3057	1	658
3058	1	659
3059	1	660
3060	1	661
3061	1	662
3062	1	663
3063	1	664
3064	1	665
3065	1	666
3066	1	667
3067	1	668
3068	1	669
3069	1	670
3070	1	671
3071	1	672
3072	1	673
3073	1	674
3074	1	675
3075	1	676
3076	1	677
3077	1	678
3078	1	679
3079	1	680
3080	1	681
3081	1	682
3082	1	683
3083	1	684
3084	1	685
3085	1	686
3086	1	687
3087	1	688
3088	1	689
3089	1	690
3090	1	691
3091	1	692
3092	1	693
3093	1	694
3094	1	695
3095	1	696
3096	1	697
3097	1	698
3098	1	699
3099	1	700
3100	1	701
3101	1	702
3102	1	703
3103	1	704
3104	1	705
3105	1	706
3106	1	707
3107	1	708
3108	1	709
3109	1	710
3110	1	711
3111	1	712
3112	1	713
3113	1	714
3114	1	715
3115	1	716
3116	1	717
3117	1	718
3118	1	719
3119	1	720
3120	1	721
3121	1	722
3122	1	723
3123	1	724
3124	1	725
3125	1	726
3126	1	727
3127	1	728
3128	1	729
3129	1	730
3130	1	731
3131	1	732
3132	1	733
3133	1	734
3134	1	735
3135	1	736
3136	1	737
3137	1	738
3138	1	739
3139	1	740
3140	1	741
3141	1	742
3142	1	743
3143	1	744
3144	1	745
3145	1	746
3146	1	747
3147	1	748
3148	1	749
3149	1	750
3150	1	751
3151	1	752
3152	1	753
3153	1	754
3154	1	755
3155	1	756
3156	1	757
3157	1	758
3158	1	759
3159	1	760
3160	1	761
3161	1	762
3162	1	763
3163	1	764
3164	1	765
3165	1	766
3166	1	767
3167	1	768
3168	1	769
3169	1	770
3170	1	771
3171	1	772
3172	1	773
3173	1	774
3174	1	775
3175	1	776
3176	1	777
3177	1	778
3178	1	779
3179	1	780
3180	1	781
3181	1	782
3182	1	783
3183	1	784
3184	1	785
3185	1	786
3186	1	787
3187	1	788
3188	1	789
3189	1	790
3190	1	791
3191	1	792
3192	1	793
3193	1	794
3194	1	795
3195	1	796
3196	1	797
3197	1	798
3198	1	799
3199	1	800
3200	1	801
3201	1	802
3202	1	803
3203	1	804
3204	1	805
3205	1	806
3206	1	807
3207	1	808
3208	1	809
3209	1	810
3210	1	811
3211	1	812
3212	1	813
3213	1	814
3214	1	815
3215	1	816
3216	1	817
3217	1	818
3218	1	819
3219	1	820
3220	1	821
3221	1	822
3222	1	823
3223	1	824
3224	1	825
3225	1	826
3226	1	827
3227	1	828
3228	1	829
3229	1	830
3230	1	831
3231	1	832
3232	1	833
3233	1	834
3234	1	835
3235	1	836
3236	1	837
3237	1	838
3238	1	839
3239	1	840
3240	1	841
3241	1	842
3242	1	843
3243	1	844
3244	1	845
3245	1	846
3246	1	847
3247	1	848
3248	1	849
3249	1	850
3250	1	851
3251	1	852
3252	1	853
3253	1	854
3254	1	855
3255	1	856
3256	1	857
3257	1	858
3258	1	859
3259	1	860
3260	1	861
3261	1	862
3262	1	863
3263	1	864
3264	1	865
3265	1	866
3266	1	867
3267	1	868
3268	1	869
3269	1	870
3270	1	871
3271	1	872
3272	1	873
3273	1	874
3274	1	875
3275	1	876
3276	1	877
3277	1	878
3278	1	879
3279	1	880
3280	1	881
3281	1	882
3282	1	883
3283	1	884
3284	1	885
3285	1	886
3286	1	887
3287	1	888
3288	1	889
3289	1	890
3290	1	891
3291	1	892
3292	1	893
3293	1	894
3294	1	895
3295	1	896
3296	1	897
3297	1	898
3298	1	899
3299	1	900
3300	1	901
3301	1	902
3302	1	903
3303	1	904
3304	1	905
3305	1	906
3306	1	907
3307	1	908
3308	1	909
3309	1	910
3310	1	911
3311	1	912
3312	1	913
3313	1	914
3314	1	915
3315	1	916
3316	1	917
3317	1	918
3318	1	919
3319	1	920
3320	1	921
3321	1	922
3322	1	923
3323	1	924
3324	1	925
3325	1	926
3326	1	927
3327	1	928
3328	1	929
3329	1	930
3330	1	931
3331	1	932
3332	1	933
3333	1	934
3334	1	935
3335	1	936
3336	1	937
3337	1	938
3338	1	939
3339	1	940
3340	1	941
3341	1	942
3342	1	943
3343	1	944
3344	1	945
3345	1	946
3346	1	947
3347	1	948
3348	1	949
3349	1	950
3350	1	951
3351	1	952
3352	1	953
3353	1	954
3354	1	955
3355	1	956
3356	1	957
3357	1	958
3358	1	959
3359	1	960
3360	1	961
3361	1	962
3362	1	963
3363	1	964
3364	1	965
3365	1	966
3366	1	967
3367	1	968
3368	1	969
3369	1	970
3370	1	971
3371	1	972
3372	1	973
3373	1	974
3374	1	975
3375	1	976
3376	1	977
3377	1	978
3378	1	979
3379	1	980
3380	1	981
3381	1	982
3382	1	983
3383	1	984
3384	1	985
3385	1	986
3386	1	987
3387	1	988
3388	1	989
3389	1	990
3390	1	991
3391	1	992
3392	1	993
3393	1	994
3394	1	995
3395	1	996
3396	1	997
3397	1	998
3398	1	999
3399	1	1000
3400	1	1001
3401	1	1002
3402	1	1003
3403	1	1004
3404	1	1005
3405	1	1006
3406	1	1007
3407	1	1008
3408	1	1009
3409	1	1010
3410	1	1011
3411	1	1012
3412	1	1013
3413	1	1014
3414	1	1015
3415	1	1016
3416	1	1017
3417	1	1018
3418	1	1019
3419	1	1020
3420	1	1021
3421	1	1022
3422	1	1023
3423	1	1024
3424	1	1025
3425	1	1026
3426	1	1027
3427	1	1028
3428	1	1029
3429	1	1030
3430	1	1031
3431	1	1032
3432	1	1033
3433	1	1034
3434	1	1035
3435	1	1036
3436	1	1037
3437	1	1038
3438	1	1039
3439	1	1040
3440	1	1041
3441	1	1042
3442	1	1043
3443	1	1044
3444	1	1045
3445	1	1046
3446	1	1047
3447	1	1048
3448	1	1049
3449	1	1050
3450	1	1051
3451	1	1052
3452	1	1053
3453	1	1054
3454	1	1055
3455	1	1056
3456	1	1057
3457	1	1058
3458	1	1059
3459	1	1060
3460	1	1061
3461	1	1062
3462	1	1063
3463	1	1064
3464	1	1065
3465	1	1066
3466	1	1067
3467	1	1068
3468	1	1069
3469	1	1070
3470	1	1071
3471	1	1072
3472	1	1073
3473	1	1074
3474	1	1075
3475	1	1076
3476	1	1077
3477	1	1078
3478	1	1079
3479	1	1080
3480	1	1081
3481	1	1082
3482	1	1083
3483	1	1084
3484	1	1085
3485	1	1086
3486	1	1087
3487	1	1088
3488	1	1089
3489	1	1090
3490	1	1091
3491	1	1092
3492	1	1093
3493	1	1094
3494	1	1095
3495	1	1096
3496	1	1097
3497	1	1098
3498	1	1099
3499	1	1100
3500	1	1101
3501	1	1102
3502	1	1103
3503	1	1104
3504	1	1105
3505	1	1106
3506	1	1107
3507	1	1108
3508	1	1109
3509	1	1110
3510	1	1111
3511	1	1112
3512	1	1113
3513	1	1114
3514	1	1115
3515	1	1116
3516	1	1117
3517	1	1118
3518	1	1119
3519	1	1120
3520	1	1121
3521	1	1122
3522	1	1123
3523	1	1124
3524	1	1125
3525	1	1126
3526	1	1127
3527	1	1128
3528	1	1129
3529	1	1130
3530	1	1131
3531	1	1132
3532	1	1133
3533	1	1134
3534	1	1135
3535	1	1136
3536	1	1137
3537	1	1138
3538	1	1139
3539	1	1140
3540	1	1141
3541	1	1142
3542	1	1143
3543	1	1144
3544	1	1145
3545	1	1146
3546	1	1147
3547	1	1148
3548	1	1149
3549	1	1150
3550	1	1151
3551	1	1152
3552	1	1153
3553	1	1154
3554	1	1155
3555	1	1156
3556	1	1157
3557	1	1158
3558	1	1159
3559	1	1160
3560	1	1161
3561	1	1162
3562	1	1163
3563	1	1164
3564	1	1165
3565	1	1166
3566	1	1167
3567	1	1168
3568	1	1169
3569	1	1170
3570	1	1171
3571	1	1172
3572	1	1173
3573	1	1174
3574	1	1175
3575	1	1176
3576	1	1177
3577	1	1178
3578	1	1179
3579	1	1180
3580	1	1181
3581	1	1182
3582	1	1183
3583	1	1184
3584	1	1185
3585	1	1186
3586	1	1187
3587	1	1188
3588	1	1189
3589	1	1190
3590	1	1191
3591	1	1192
3592	1	1193
3593	1	1194
3594	1	1195
3595	1	1196
3596	1	1197
3597	1	1198
3598	1	1199
3599	1	1200
3600	1	1201
3601	1	1202
3602	1	1203
3603	1	1204
3604	1	1205
3605	1	1206
3606	1	1207
3607	1	1208
3608	1	1209
3609	1	1210
3610	1	1211
3611	1	1212
3612	1	1213
3613	1	1214
3614	1	1215
3615	1	1216
3616	1	1217
3617	1	1218
3618	1	1219
3619	1	1220
3620	1	1221
3621	1	1222
3622	1	1223
3623	1	1224
3624	1	1225
3625	1	1226
3626	1	1227
3627	1	1228
3628	1	1229
3629	1	1230
3630	1	1231
3631	1	1232
3632	1	1233
3633	1	1234
3634	1	1235
3635	1	1236
3636	1	1237
3637	1	1238
3638	1	1239
3639	1	1240
3640	1	1241
3641	1	1242
3642	1	1243
3643	1	1244
3644	1	1245
3645	1	1246
3646	1	1247
3647	1	1248
3648	1	1249
3649	1	1250
3650	1	1251
3651	1	1252
3652	1	1253
3653	1	1254
3654	1	1255
3655	1	1256
3656	1	1257
3657	1	1258
3658	1	1259
3659	1	1260
3660	1	1261
3661	1	1262
3662	1	1263
3663	1	1264
3664	1	1265
3665	1	1266
3666	1	1267
3667	1	1268
3668	1	1269
3669	1	1270
3670	1	1271
3671	1	1272
3672	1	1273
3673	1	1274
3674	1	1275
3675	1	1276
3676	1	1277
3677	1	1278
3678	1	1279
3679	1	1280
3680	1	1281
3681	1	1282
3682	1	1283
3683	1	1284
3684	1	1285
3685	1	1286
3686	1	1287
3687	1	1288
3688	1	1289
3689	1	1290
3690	1	1291
3691	1	1292
3692	1	1293
3693	1	1294
3694	1	1295
3695	1	1296
3696	1	1297
3697	1	1298
3698	1	1299
3699	1	1300
3700	1	1301
3701	1	1302
3702	1	1303
3703	1	1304
3704	1	1305
3705	1	1306
3706	1	1307
3707	1	1308
3708	1	1309
3709	1	1310
3710	1	1311
3711	1	1312
3712	1	1313
3713	1	1314
3714	1	1315
3715	1	1316
3716	1	1317
3717	1	1318
3718	1	1319
3719	1	1320
3720	1	1321
3721	1	1322
3722	1	1323
3723	1	1324
3724	1	1325
3725	1	1326
3726	1	1327
3727	1	1328
3728	1	1329
3729	1	1330
3730	1	1331
3731	1	1332
3732	1	1333
3733	1	1334
3734	1	1335
3735	1	1336
3736	1	1337
3737	1	1338
3738	1	1339
3739	1	1340
3740	1	1341
3741	1	1342
3742	1	1343
3743	1	1344
3744	1	1345
3745	1	1346
3746	1	1347
3747	1	1348
3748	1	1349
3749	1	1350
3750	1	1351
3751	1	1352
3752	1	1353
3753	1	1354
3754	1	1355
3755	1	1356
3756	1	1357
3757	1	1358
3758	1	1359
3759	1	1360
3760	1	1361
3761	1	1362
3762	1	1363
3763	1	1364
3764	1	1365
3765	1	1366
3766	1	1367
3767	1	1368
3768	1	1369
3769	1	1370
3770	1	1371
3771	1	1372
3772	1	1373
3773	1	1374
3774	1	1375
3775	1	1376
3776	1	1377
3777	1	1378
3778	1	1379
3779	1	1380
3780	1	1381
3781	1	1382
3782	1	1383
3783	1	1384
3784	1	1385
3785	1	1386
3786	1	1387
3787	1	1388
3788	1	1389
3789	1	1390
3790	1	1391
3791	1	1392
3792	1	1393
3793	1	1394
3794	1	1395
3795	1	1396
3796	1	1397
3797	1	1398
3798	1	1399
3799	1	1400
3800	1	1401
3801	1	1402
3802	1	1403
3803	1	1404
3804	1	1405
3805	1	1406
3806	1	1407
3807	1	1408
3808	1	1409
3809	1	1410
3810	1	1411
3811	1	1412
3812	1	1413
3813	1	1414
3814	1	1415
3815	1	1416
3816	1	1417
3817	1	1418
3818	1	1419
3819	1	1420
3820	1	1421
3821	1	1422
3822	1	1423
3823	1	1424
3824	1	1425
3825	1	1426
3826	1	1427
3827	1	1428
3828	1	1429
3829	1	1430
3830	1	1431
3831	1	1432
3832	1	1433
3833	1	1434
3834	1	1435
3835	1	1436
3836	1	1437
3837	1	1438
3838	1	1439
3839	1	1440
3840	1	1441
3841	1	1442
3842	1	1443
3843	1	1444
3844	1	1445
3845	1	1446
3846	1	1447
3847	1	1448
3848	1	1449
3849	1	1450
3850	1	1451
3851	1	1452
3852	1	1453
3853	1	1454
3854	1	1455
3855	1	1456
3856	1	1457
3857	1	1458
3858	1	1459
3859	1	1460
3860	1	1461
3861	1	1462
3862	1	1463
3863	1	1464
3864	1	1465
3865	1	1466
3866	1	1467
3867	1	1468
3868	1	1469
3869	1	1470
3870	1	1471
3871	1	1472
3872	1	1473
3873	1	1474
3874	1	1475
3875	1	1476
3876	1	1477
3877	1	1478
3878	1	1479
3879	1	1480
3880	1	1481
3881	1	1482
3882	1	1483
3883	1	1484
3884	1	1485
3885	1	1486
3886	1	1487
3887	1	1488
3888	1	1489
3889	1	1490
3890	1	1491
3891	1	1492
3892	1	1493
3893	1	1494
3894	1	1495
3895	1	1496
3896	1	1497
3897	1	1498
3898	1	1499
3899	1	1500
3900	1	1501
3901	1	1502
3902	1	1503
3903	1	1504
3904	1	1505
3905	1	1506
3906	1	1507
3907	1	1508
3908	1	1509
3909	1	1510
3910	1	1511
3911	1	1512
3912	1	1513
3913	1	1514
3914	1	1515
3915	1	1516
3916	1	1517
3917	1	1518
3918	1	1519
3919	1	1520
3920	1	1521
3921	1	1522
3922	1	1523
3923	1	1524
3924	1	1525
3925	1	1526
3926	1	1527
3927	1	1528
3928	1	1529
3929	1	1530
3930	1	1531
3931	1	1532
3932	1	1533
3933	1	1534
3934	1	1535
3935	1	1536
3936	1	1537
3937	1	1538
3938	1	1539
3939	1	1540
3940	1	1541
3941	1	1542
3942	1	1543
3943	1	1544
3944	1	1545
3945	1	1546
3946	1	1547
3947	1	1548
3948	1	1549
3949	1	1550
3950	1	1551
3951	1	1552
3952	1	1553
3953	1	1554
3954	1	1555
3955	1	1556
3956	1	1557
3957	1	1558
3958	1	1559
3959	1	1560
3960	1	1561
3961	1	1562
3962	1	1563
3963	1	1564
3964	1	1565
3965	1	1566
3966	1	1567
3967	1	1568
3968	1	1569
3969	1	1570
3970	1	1571
3971	1	1572
3972	1	1573
3973	1	1574
3974	1	1575
3975	1	1576
3976	1	1577
3977	1	1578
3978	1	1579
3979	1	1580
3980	1	1581
3981	1	1582
3982	1	1583
3983	1	1584
3984	1	1585
3985	1	1586
3986	1	1587
3987	1	1588
3988	1	1589
3989	1	1590
3990	1	1591
3991	1	1592
3992	1	1593
3993	1	1594
3994	1	1595
3995	1	1596
3996	1	1597
3997	1	1598
3998	1	1599
3999	1	1600
4000	1	1601
4001	1	1602
4002	1	1603
4003	1	1604
4004	1	1605
4005	1	1606
4006	1	1607
4007	1	1608
4008	1	1609
4009	1	1610
4010	1	1611
4011	1	1612
4012	1	1613
4013	1	1614
4014	1	1615
4015	1	1616
4016	1	1617
4017	1	1618
4018	1	1619
4019	1	1620
4020	1	1621
4021	1	1622
4022	1	1623
4023	1	1624
4024	1	1625
4025	1	1626
4026	1	1627
4027	1	1628
4028	1	1629
4029	1	1630
4030	1	1631
4031	1	1632
4032	1	1633
4033	1	1634
4034	1	1635
4035	1	1636
4036	1	1637
4037	1	1638
4038	1	1639
4039	1	1640
4040	1	1641
4041	1	1642
4042	1	1643
4043	1	1644
4044	1	1645
4045	1	1646
4046	1	1647
4047	1	1648
4048	1	1649
4049	1	1650
4050	1	1651
4051	1	1652
4052	1	1653
4053	1	1654
4054	1	1655
4055	1	1656
4056	1	1657
4057	1	1658
4058	1	1659
4059	1	1660
4060	1	1661
4061	1	1662
4062	1	1663
4063	1	1664
4064	1	1665
4065	1	1666
4066	1	1667
4067	1	1668
4068	1	1669
4069	1	1670
4070	1	1671
4071	1	1672
4072	1	1673
4073	1	1674
4074	1	1675
4075	1	1676
4076	1	1677
4077	1	1678
4078	1	1679
4079	1	1680
4080	1	1681
4081	1	1682
4082	1	1683
4083	1	1684
4084	1	1685
4085	1	1686
4086	1	1687
4087	1	1688
4088	1	1689
4089	1	1690
4090	1	1691
4091	1	1692
4092	1	1693
4093	1	1694
4094	1	1695
4095	1	1696
4096	1	1697
4097	1	1698
4098	1	1699
4099	1	1700
4100	1	1701
4101	1	1702
4102	1	1703
4103	1	1704
4104	1	1705
4105	1	1706
4106	1	1707
4107	1	1708
4108	1	1709
4109	1	1710
4110	1	1711
4111	1	1712
4112	1	1713
4113	1	1714
4114	1	1715
4115	1	1716
4116	1	1717
4117	1	1718
4118	1	1719
4119	1	1720
4120	1	1721
4121	1	1722
4122	1	1723
4123	1	1724
4124	1	1725
4125	1	1726
4126	1	1727
4127	1	1728
4128	1	1729
4129	1	1730
4130	1	1731
4131	1	1732
4132	1	1733
4133	1	1734
4134	1	1735
4135	1	1736
4136	1	1737
4137	1	1738
4138	1	1739
4139	1	1740
4140	1	1741
4141	1	1742
4142	1	1743
4143	1	1744
4144	1	1745
4145	1	1746
4146	1	1747
4147	1	1748
4148	1	1749
4149	1	1750
4150	1	1751
4151	1	1752
4152	1	1753
4153	1	1754
4154	1	1755
4155	1	1756
4156	1	1757
4157	1	1758
4158	1	1759
4159	1	1760
4160	1	1761
4161	1	1762
4162	1	1763
4163	1	1764
4164	1	1765
4165	1	1766
4166	1	1767
4167	1	1768
4168	1	1769
4169	1	1770
4170	1	1771
4171	1	1772
4172	1	1773
4173	1	1774
4174	1	1775
4175	1	1776
4176	1	1777
4177	1	1778
4178	1	1779
4179	1	1780
4180	1	1781
4181	1	1782
4182	1	1783
4183	1	1784
4184	1	1785
4185	1	1786
4186	1	1787
4187	1	1788
4188	1	1789
4189	1	1790
4190	1	1791
4191	1	1792
4192	1	1793
4193	1	1794
4194	1	1795
4195	1	1796
4196	1	1797
4197	1	1798
4198	1	1799
4199	1	1800
4200	1	1801
4201	1	1802
4202	1	1803
4203	1	1804
4204	1	1805
4205	1	1806
4206	1	1807
4207	1	1808
4208	1	1809
4209	1	1810
4210	1	1811
4211	1	1812
4212	1	1813
4213	1	1814
4214	1	1815
4215	1	1816
4216	1	1817
4217	1	1818
4218	1	1819
4219	1	1820
4220	1	1821
4221	1	1822
4222	1	1823
4223	1	1824
4224	1	1825
4225	1	1826
4226	1	1827
4227	1	1828
4228	1	1829
4229	1	1830
4230	1	1831
4231	1	1832
4232	1	1833
4233	1	1834
4234	1	1835
4235	1	1836
4236	1	1837
4237	1	1838
4238	1	1839
4239	1	1840
4240	1	1841
4241	1	1842
4242	1	1843
4243	1	1844
4244	1	1845
4245	1	1846
4246	1	1847
4247	1	1848
4248	1	1849
4249	1	1850
4250	1	1851
4251	1	1852
4252	1	1853
4253	1	1854
4254	1	1855
4255	1	1856
4256	1	1857
4257	1	1858
4258	1	1859
4259	1	1860
4260	1	1861
4261	1	1862
4262	1	1863
4263	1	1864
4264	1	1865
4265	1	1866
4266	1	1867
4267	1	1868
4268	1	1869
4269	1	1870
4270	1	1871
4271	1	1872
4272	1	1873
4273	1	1874
4274	1	1875
4275	1	1876
4276	1	1877
4277	1	1878
4278	1	1879
4279	1	1880
4280	1	1881
4281	1	1882
4282	1	1883
4283	1	1884
4284	1	1885
4285	1	1886
4286	1	1887
4287	1	1888
4288	1	1889
4289	1	1890
4290	1	1891
4291	1	1892
4292	1	1893
4293	1	1894
4294	1	1895
4295	1	1896
4296	1	1897
4297	1	1898
4298	1	1899
4299	1	1900
4300	1	1901
4301	1	1902
4302	1	1903
4303	1	1904
4304	1	1905
4305	1	1906
4306	1	1907
4307	1	1908
4308	1	1909
4309	1	1910
4310	1	1911
4311	1	1912
4312	1	1913
4313	1	1914
4314	1	1915
4315	1	1916
4316	1	1917
4317	1	1918
4318	1	1919
4319	1	1920
4320	1	1921
4321	1	1922
4322	1	1923
4323	1	1924
4324	1	1925
4325	1	1926
4326	1	1927
4327	1	1928
4328	1	1929
4329	1	1930
4330	1	1931
4331	1	1932
4332	1	1933
4333	1	1934
4334	1	1935
4335	1	1936
4336	1	1937
4337	1	1938
4338	1	1939
4339	1	1940
4340	1	1941
4341	1	1942
4342	1	1943
4343	1	1944
4344	1	1945
4345	1	1946
4346	1	1947
4347	1	1948
4348	1	1949
4349	1	1950
4350	1	1951
4351	1	1952
4352	1	1953
4353	1	1954
4354	1	1955
4355	1	1956
4356	1	1957
4357	1	1958
4358	1	1959
4359	1	1960
4360	1	1961
4361	1	1962
4362	1	1963
4363	1	1964
4364	1	1965
4365	1	1966
4366	1	1967
4367	1	1968
4368	1	1969
4369	1	1970
4370	1	1971
4371	1	1972
4372	1	1973
4373	1	1974
4374	1	1975
4375	1	1976
4376	1	1977
4377	1	1978
4378	1	1979
4379	1	1980
4380	1	1981
4381	1	1982
4382	1	1983
4383	1	1984
4384	1	1985
4385	1	1986
4386	1	1987
4387	1	1988
4388	1	1989
4389	1	1990
4390	1	1991
4391	1	1992
4392	1	1993
4393	1	1994
4394	1	1995
4395	1	1996
4396	1	1997
4397	1	1998
4398	1	1999
4399	1	2000
4400	1	2001
4401	1	2002
4402	1	2003
4403	1	2004
4404	1	2005
4405	1	2006
4406	1	2007
4407	1	2008
4408	1	2009
4409	1	2010
4410	1	2011
4411	1	2012
4412	1	2013
4413	1	2014
4414	1	2015
4415	1	2016
4416	1	2017
4417	1	2018
4418	1	2019
4419	1	2020
4420	1	2021
4421	1	2022
4422	1	2023
4423	1	2024
4424	1	2025
4425	1	2026
4426	1	2027
4427	1	2028
4428	1	2029
4429	1	2030
4430	1	2031
4431	1	2032
4432	1	2033
4433	1	2034
4434	1	2035
4435	1	2036
4436	1	2037
4437	1	2038
4438	1	2039
4439	1	2040
4440	1	2041
4441	1	2042
4442	1	2043
4443	1	2044
4444	1	2045
4445	1	2046
4446	1	2047
4447	1	2048
4448	1	2049
4449	1	2050
4450	1	2051
4451	1	2052
4452	1	2053
4453	1	2054
4454	1	2055
4455	1	2056
4456	1	2057
4457	1	2058
4458	1	2059
4459	1	2060
4460	1	2061
4461	1	2062
4462	1	2063
4463	1	2064
4464	1	2065
4465	1	2066
4466	1	2067
4467	1	2068
4468	1	2069
4469	1	2070
4470	1	2071
4471	1	2072
4472	1	2073
4473	1	2074
4474	1	2075
4475	1	2076
4476	1	2077
4477	1	2078
4478	1	2079
4479	1	2080
4480	1	2081
4481	1	2082
4482	1	2083
4483	1	2084
4484	1	2085
4485	1	2086
4486	1	2087
4487	1	2088
4488	1	2089
4489	1	2090
4490	1	2091
4491	1	2092
4492	1	2093
4493	1	2094
4494	1	2095
4495	1	2096
4496	1	2097
4497	1	2098
4498	1	2099
4499	1	2100
4500	1	2101
4501	1	2102
4502	1	2103
4503	1	2104
4504	1	2105
4505	1	2106
4506	1	2107
4507	1	2108
4508	1	2109
4509	1	2110
4510	1	2111
4511	1	2112
4512	1	2113
4513	1	2114
4514	1	2115
4515	1	2116
4516	1	2117
4517	1	2118
4518	1	2119
4519	1	2120
4520	1	2121
4521	1	2122
4522	1	2123
4523	1	2124
4524	1	2125
4525	1	2126
4526	1	2127
4527	1	2128
4528	1	2129
4529	1	2130
4530	1	2131
4531	1	2132
4532	1	2133
4533	1	2134
4534	1	2135
4535	1	2136
4536	1	2137
4537	1	2138
4538	1	2139
4539	1	2140
4540	1	2141
4541	1	2142
4542	1	2143
4543	1	2144
4544	1	2145
4545	1	2146
4546	1	2147
4547	1	2148
4548	1	2149
4549	1	2150
4550	1	2151
4551	1	2152
4552	1	2153
4553	1	2154
4554	1	2155
4555	1	2156
4556	1	2157
4557	1	2158
4558	1	2159
4559	1	2160
4560	1	2161
4561	1	2162
4562	1	2163
4563	1	2164
4564	1	2165
4565	1	2166
4566	1	2167
4567	1	2168
4568	1	2169
4569	1	2170
4570	1	2171
4571	1	2172
4572	1	2173
4573	1	2174
4574	1	2175
4575	1	2176
4576	1	2177
4577	1	2178
4578	1	2179
4579	1	2180
4580	1	2181
4581	1	2182
4582	1	2183
4583	1	2184
4584	1	2185
4585	1	2186
4586	1	2187
4587	1	2188
4588	1	2189
4589	1	2190
4590	1	2191
4591	1	2192
4592	1	2193
4593	1	2194
4594	1	2195
4595	1	2196
4596	1	2197
4597	1	2198
4598	1	2199
4599	1	2200
4600	1	2201
4601	1	2202
4602	1	2203
4603	1	2204
4604	1	2205
4605	1	2206
4606	1	2207
4607	1	2208
4608	1	2209
4609	1	2210
4610	1	2211
4611	1	2212
4612	1	2213
4613	1	2214
4614	1	2215
4615	1	2216
4616	1	2217
4617	1	2218
4618	1	2219
4619	1	2220
4620	1	2221
4621	1	2222
4622	1	2223
4623	1	2224
4624	1	2225
4625	1	2226
4626	1	2227
4627	1	2228
4628	1	2229
4629	1	2230
4630	1	2231
4631	1	2232
4632	1	2233
4633	1	2234
4634	1	2235
4635	1	2236
4636	1	2237
4637	1	2238
4638	1	2239
4639	1	2240
4640	1	2241
4641	1	2242
4642	1	2243
4643	1	2244
4644	1	2245
4645	1	2246
4646	1	2247
4647	1	2248
4648	1	2249
4649	1	2250
4650	1	2251
4651	1	2252
4652	1	2253
4653	1	2254
4654	1	2255
4655	1	2256
4656	1	2257
4657	1	2258
4658	1	2259
4659	1	2260
4660	1	2261
4661	1	2262
4662	1	2263
4663	1	2264
4664	1	2265
4665	1	2266
4666	1	2267
4667	1	2268
4668	1	2269
4669	1	2270
4670	1	2271
4671	1	2272
4672	1	2273
4673	1	2274
4674	1	2275
4675	1	2276
4676	1	2277
4677	1	2278
4678	1	2279
4679	1	2280
4680	1	2281
4681	1	2282
4682	1	2283
4683	1	2284
4684	1	2285
4685	1	2286
4686	1	2287
4687	1	2288
4688	1	2289
4689	1	2290
4690	1	2291
4691	1	2292
4692	1	2293
4693	1	2294
4694	1	2295
4695	1	2296
4696	1	2297
4697	1	2298
4698	1	2299
4699	1	2300
4700	1	2301
4701	1	2302
4702	1	2303
4703	1	2304
4704	1	2305
4705	1	2306
4706	1	2307
4707	1	2308
4708	1	2309
4709	1	2310
4710	1	2311
4711	1	2312
4712	1	2313
4713	1	2314
4714	1	2315
4715	1	2316
4716	1	2317
4717	1	2318
4718	1	2319
4719	1	2320
4720	1	2321
4721	1	2322
4722	1	2323
4723	1	2324
4724	1	2325
4725	1	2326
4726	1	2327
4727	1	2328
4728	1	2329
4729	1	2330
4730	1	2331
4731	1	2332
4732	1	2333
4733	1	2334
4734	1	2335
4735	1	2336
4736	1	2337
4737	1	2338
4738	1	2339
4739	1	2340
4740	1	2341
4741	1	2342
4742	1	2343
4743	1	2344
4744	1	2345
4745	1	2346
4746	1	2347
4747	1	2348
4748	1	2349
4749	1	2350
4750	1	2351
4751	1	2352
4752	1	2353
4753	1	2354
4754	1	2355
4755	1	2356
4756	1	2357
4757	1	2358
4758	1	2359
4759	1	2360
4760	1	2361
4761	1	2362
4762	1	2363
4763	1	2364
4764	1	2365
4765	1	2366
4766	1	2367
4767	1	2368
4768	1	2369
4769	1	2370
4770	1	2371
4771	1	2372
4772	1	2373
4773	1	2374
4774	1	2375
4775	1	2376
4776	1	2377
4777	1	2378
4778	1	2379
4779	1	2380
4780	1	2381
4781	1	2382
4782	1	2383
4783	1	2384
4784	1	2385
4785	1	2386
4786	1	2387
4787	1	2388
4788	1	2389
4789	1	2390
4790	1	2391
4791	1	2392
4792	1	2393
4793	1	2394
4794	1	2395
4795	1	2396
4796	1	2397
4797	1	2398
4798	2	0
4799	2	1
4800	2	2
4801	2	3
4802	2	4
4803	2	5
4804	2	6
4805	2	7
4806	2	8
4807	2	9
4808	2	10
4809	2	11
4810	2	12
4811	2	13
4812	2	14
4813	2	15
4814	2	16
4815	2	17
4816	2	18
4817	2	19
4818	2	20
4819	2	21
4820	2	22
4821	2	23
4822	2	24
4823	2	25
4824	2	26
4825	2	27
4826	2	28
4827	2	29
4828	2	30
4829	2	31
4830	2	32
4831	2	33
4832	2	34
4833	2	35
4834	2	36
4835	2	37
4836	2	38
4837	2	39
4838	2	40
4839	2	41
4840	2	42
4841	2	43
4842	2	44
4843	2	45
4844	2	46
4845	2	47
4846	2	48
4847	2	49
4848	2	50
4849	2	51
4850	2	52
4851	2	53
4852	2	54
4853	2	55
4854	2	56
4855	2	57
4856	2	58
4857	2	59
4858	2	60
4859	2	61
4860	2	62
4861	2	63
4862	2	64
4863	2	65
4864	2	66
4865	2	67
4866	2	68
4867	2	69
4868	2	70
4869	2	71
4870	2	72
4871	2	73
4872	2	74
4873	2	75
4874	2	76
4875	2	77
4876	2	78
4877	2	79
4878	2	80
4879	2	81
4880	2	82
4881	2	83
4882	2	84
4883	2	85
4884	2	86
4885	2	87
4886	2	88
4887	2	89
4888	2	90
4889	2	91
4890	2	92
4891	2	93
4892	2	94
4893	2	95
4894	2	96
4895	2	97
4896	2	98
4897	2	99
4898	2	100
4899	2	101
4900	2	102
4901	2	103
4902	2	104
4903	2	105
4904	2	106
4905	2	107
4906	2	108
4907	2	109
4908	2	110
4909	2	111
4910	2	112
4911	2	113
4912	2	114
4913	2	115
4914	2	116
4915	2	117
4916	2	118
4917	2	119
4918	2	120
4919	2	121
4920	2	122
4921	2	123
4922	2	124
4923	2	125
4924	2	126
4925	2	127
4926	2	128
4927	2	129
4928	2	130
4929	2	131
4930	2	132
4931	2	133
4932	2	134
4933	2	135
4934	2	136
4935	2	137
4936	2	138
4937	2	139
4938	2	140
4939	2	141
4940	2	142
4941	2	143
4942	2	144
4943	2	145
4944	2	146
4945	2	147
4946	2	148
4947	2	149
4948	2	150
4949	2	151
4950	2	152
4951	2	153
4952	2	154
4953	2	155
4954	2	156
4955	2	157
4956	2	158
4957	2	159
4958	2	160
4959	2	161
4960	2	162
4961	2	163
4962	2	164
4963	2	165
4964	2	166
4965	2	167
4966	2	168
4967	2	169
4968	2	170
4969	2	171
4970	2	172
4971	2	173
4972	2	174
4973	2	175
4974	2	176
4975	2	177
4976	2	178
4977	2	179
4978	2	180
4979	2	181
4980	2	182
4981	2	183
4982	2	184
4983	2	185
4984	2	186
4985	2	187
4986	2	188
4987	2	189
4988	2	190
4989	2	191
4990	2	192
4991	2	193
4992	2	194
4993	2	195
4994	2	196
4995	2	197
4996	2	198
4997	2	199
4998	2	200
4999	2	201
5000	2	202
5001	2	203
5002	2	204
5003	2	205
5004	2	206
5005	2	207
5006	2	208
5007	2	209
5008	2	210
5009	2	211
5010	2	212
5011	2	213
5012	2	214
5013	2	215
5014	2	216
5015	2	217
5016	2	218
5017	2	219
5018	2	220
5019	2	221
5020	2	222
5021	2	223
5022	2	224
5023	2	225
5024	2	226
5025	2	227
5026	2	228
5027	2	229
5028	2	230
5029	2	231
5030	2	232
5031	2	233
5032	2	234
5033	2	235
5034	2	236
5035	2	237
5036	2	238
5037	2	239
5038	2	240
5039	2	241
5040	2	242
5041	2	243
5042	2	244
5043	2	245
5044	2	246
5045	2	247
5046	2	248
5047	2	249
5048	2	250
5049	2	251
5050	2	252
5051	2	253
5052	2	254
5053	2	255
5054	2	256
5055	2	257
5056	2	258
5057	2	259
5058	2	260
5059	2	261
5060	2	262
5061	2	263
5062	2	264
5063	2	265
5064	2	266
5065	2	267
5066	2	268
5067	2	269
5068	2	270
5069	2	271
5070	2	272
5071	2	273
5072	2	274
5073	2	275
5074	2	276
5075	2	277
5076	2	278
5077	2	279
5078	2	280
5079	2	281
5080	2	282
5081	2	283
5082	2	284
5083	2	285
5084	2	286
5085	2	287
5086	2	288
5087	2	289
5088	2	290
5089	2	291
5090	2	292
5091	2	293
5092	2	294
5093	2	295
5094	2	296
5095	2	297
5096	2	298
5097	2	299
5098	2	300
5099	2	301
5100	2	302
5101	2	303
5102	2	304
5103	2	305
5104	2	306
5105	2	307
5106	2	308
5107	2	309
5108	2	310
5109	2	311
5110	2	312
5111	2	313
5112	2	314
5113	2	315
5114	2	316
5115	2	317
5116	2	318
5117	2	319
5118	2	320
5119	2	321
5120	2	322
5121	2	323
5122	2	324
5123	2	325
5124	2	326
5125	2	327
5126	2	328
5127	2	329
5128	2	330
5129	2	331
5130	2	332
5131	2	333
5132	2	334
5133	2	335
5134	2	336
5135	2	337
5136	2	338
5137	2	339
5138	2	340
5139	2	341
5140	2	342
5141	2	343
5142	2	344
5143	2	345
5144	2	346
5145	2	347
5146	2	348
5147	2	349
5148	2	350
5149	2	351
5150	2	352
5151	2	353
5152	2	354
5153	2	355
5154	2	356
5155	2	357
5156	2	358
5157	2	359
5158	2	360
5159	2	361
5160	2	362
5161	2	363
5162	2	364
5163	2	365
5164	2	366
5165	2	367
5166	2	368
5167	2	369
5168	2	370
5169	2	371
5170	2	372
5171	2	373
5172	2	374
5173	2	375
5174	2	376
5175	2	377
5176	2	378
5177	2	379
5178	2	380
5179	2	381
5180	2	382
5181	2	383
5182	2	384
5183	2	385
5184	2	386
5185	2	387
5186	2	388
5187	2	389
5188	2	390
5189	2	391
5190	2	392
5191	2	393
5192	2	394
5193	2	395
5194	2	396
5195	2	397
5196	2	398
5197	2	399
5198	2	400
5199	2	401
5200	2	402
5201	2	403
5202	2	404
5203	2	405
5204	2	406
5205	2	407
5206	2	408
5207	2	409
5208	2	410
5209	2	411
5210	2	412
5211	2	413
5212	2	414
5213	2	415
5214	2	416
5215	2	417
5216	2	418
5217	2	419
5218	2	420
5219	2	421
5220	2	422
5221	2	423
5222	2	424
5223	2	425
5224	2	426
5225	2	427
5226	2	428
5227	2	429
5228	2	430
5229	2	431
5230	2	432
5231	2	433
5232	2	434
5233	2	435
5234	2	436
5235	2	437
5236	2	438
5237	2	439
5238	2	440
5239	2	441
5240	2	442
5241	2	443
5242	2	444
5243	2	445
5244	2	446
5245	2	447
5246	2	448
5247	2	449
5248	2	450
5249	2	451
5250	2	452
5251	2	453
5252	2	454
5253	2	455
5254	2	456
5255	2	457
5256	2	458
5257	2	459
5258	2	460
5259	2	461
5260	2	462
5261	2	463
5262	2	464
5263	2	465
5264	2	466
5265	2	467
5266	2	468
5267	2	469
5268	2	470
5269	2	471
5270	2	472
5271	2	473
5272	2	474
5273	2	475
5274	2	476
5275	2	477
5276	2	478
5277	2	479
5278	2	480
5279	2	481
5280	2	482
5281	2	483
5282	2	484
5283	2	485
5284	2	486
5285	2	487
5286	2	488
5287	2	489
5288	2	490
5289	2	491
5290	2	492
5291	2	493
5292	2	494
5293	2	495
5294	2	496
5295	2	497
5296	2	498
5297	2	499
5298	2	500
5299	2	501
5300	2	502
5301	2	503
5302	2	504
5303	2	505
5304	2	506
5305	2	507
5306	2	508
5307	2	509
5308	2	510
5309	2	511
5310	2	512
5311	2	513
5312	2	514
5313	2	515
5314	2	516
5315	2	517
5316	2	518
5317	2	519
5318	2	520
5319	2	521
5320	2	522
5321	2	523
5322	2	524
5323	2	525
5324	2	526
5325	2	527
5326	2	528
5327	2	529
5328	2	530
5329	2	531
5330	2	532
5331	2	533
5332	2	534
5333	2	535
5334	2	536
5335	2	537
5336	2	538
5337	2	539
5338	2	540
5339	2	541
5340	2	542
5341	2	543
5342	2	544
5343	2	545
5344	2	546
5345	2	547
5346	2	548
5347	2	549
5348	2	550
5349	2	551
5350	2	552
5351	2	553
5352	2	554
5353	2	555
5354	2	556
5355	2	557
5356	2	558
5357	2	559
5358	2	560
5359	2	561
5360	2	562
5361	2	563
5362	2	564
5363	2	565
5364	2	566
5365	2	567
5366	2	568
5367	2	569
5368	2	570
5369	2	571
5370	2	572
5371	2	573
5372	2	574
5373	2	575
5374	2	576
5375	2	577
5376	2	578
5377	2	579
5378	2	580
5379	2	581
5380	2	582
5381	2	583
5382	2	584
5383	2	585
5384	2	586
5385	2	587
5386	2	588
5387	2	589
5388	2	590
5389	2	591
5390	2	592
5391	2	593
5392	2	594
5393	2	595
5394	2	596
5395	2	597
5396	2	598
5397	2	599
5398	2	600
5399	2	601
5400	2	602
5401	2	603
5402	2	604
5403	2	605
5404	2	606
5405	2	607
5406	2	608
5407	2	609
5408	2	610
5409	2	611
5410	2	612
5411	2	613
5412	2	614
5413	2	615
5414	2	616
5415	2	617
5416	2	618
5417	2	619
5418	2	620
5419	2	621
5420	2	622
5421	2	623
5422	2	624
5423	2	625
5424	2	626
5425	2	627
5426	2	628
5427	2	629
5428	2	630
5429	2	631
5430	2	632
5431	2	633
5432	2	634
5433	2	635
5434	2	636
5435	2	637
5436	2	638
5437	2	639
5438	2	640
5439	2	641
5440	2	642
5441	2	643
5442	2	644
5443	2	645
5444	2	646
5445	2	647
5446	2	648
5447	2	649
5448	2	650
5449	2	651
5450	2	652
5451	2	653
5452	2	654
5453	2	655
5454	2	656
5455	2	657
5456	2	658
5457	2	659
5458	2	660
5459	2	661
5460	2	662
5461	2	663
5462	2	664
5463	2	665
5464	2	666
5465	2	667
5466	2	668
5467	2	669
5468	2	670
5469	2	671
5470	2	672
5471	2	673
5472	2	674
5473	2	675
5474	2	676
5475	2	677
5476	2	678
5477	2	679
5478	2	680
5479	2	681
5480	2	682
5481	2	683
5482	2	684
5483	2	685
5484	2	686
5485	2	687
5486	2	688
5487	2	689
5488	2	690
5489	2	691
5490	2	692
5491	2	693
5492	2	694
5493	2	695
5494	2	696
5495	2	697
5496	2	698
5497	2	699
5498	2	700
5499	2	701
5500	2	702
5501	2	703
5502	2	704
5503	2	705
5504	2	706
5505	2	707
5506	2	708
5507	2	709
5508	2	710
5509	2	711
5510	2	712
5511	2	713
5512	2	714
5513	2	715
5514	2	716
5515	2	717
5516	2	718
5517	2	719
5518	2	720
5519	2	721
5520	2	722
5521	2	723
5522	2	724
5523	2	725
5524	2	726
5525	2	727
5526	2	728
5527	2	729
5528	2	730
5529	2	731
5530	2	732
5531	2	733
5532	2	734
5533	2	735
5534	2	736
5535	2	737
5536	2	738
5537	2	739
5538	2	740
5539	2	741
5540	2	742
5541	2	743
5542	2	744
5543	2	745
5544	2	746
5545	2	747
5546	2	748
5547	2	749
5548	2	750
5549	2	751
5550	2	752
5551	2	753
5552	2	754
5553	2	755
5554	2	756
5555	2	757
5556	2	758
5557	2	759
5558	2	760
5559	2	761
5560	2	762
5561	2	763
5562	2	764
5563	2	765
5564	2	766
5565	2	767
5566	2	768
5567	2	769
5568	2	770
5569	2	771
5570	2	772
5571	2	773
5572	2	774
5573	2	775
5574	2	776
5575	2	777
5576	2	778
5577	2	779
5578	2	780
5579	2	781
5580	2	782
5581	2	783
5582	2	784
5583	2	785
5584	2	786
5585	2	787
5586	2	788
5587	2	789
5588	2	790
5589	2	791
5590	2	792
5591	2	793
5592	2	794
5593	2	795
5594	2	796
5595	2	797
5596	2	798
5597	2	799
5598	2	800
5599	2	801
5600	2	802
5601	2	803
5602	2	804
5603	2	805
5604	2	806
5605	2	807
5606	2	808
5607	2	809
5608	2	810
5609	2	811
5610	2	812
5611	2	813
5612	2	814
5613	2	815
5614	2	816
5615	2	817
5616	2	818
5617	2	819
5618	2	820
5619	2	821
5620	2	822
5621	2	823
5622	2	824
5623	2	825
5624	2	826
5625	2	827
5626	2	828
5627	2	829
5628	2	830
5629	2	831
5630	2	832
5631	2	833
5632	2	834
5633	2	835
5634	2	836
5635	2	837
5636	2	838
5637	2	839
5638	2	840
5639	2	841
5640	2	842
5641	2	843
5642	2	844
5643	2	845
5644	2	846
5645	2	847
5646	2	848
5647	2	849
5648	2	850
5649	2	851
5650	2	852
5651	2	853
5652	2	854
5653	2	855
5654	2	856
5655	2	857
5656	2	858
5657	2	859
5658	2	860
5659	2	861
5660	2	862
5661	2	863
5662	2	864
5663	2	865
5664	2	866
5665	2	867
5666	2	868
5667	2	869
5668	2	870
5669	2	871
5670	2	872
5671	2	873
5672	2	874
5673	2	875
5674	2	876
5675	2	877
5676	2	878
5677	2	879
5678	2	880
5679	2	881
5680	2	882
5681	2	883
5682	2	884
5683	2	885
5684	2	886
5685	2	887
5686	2	888
5687	2	889
5688	2	890
5689	2	891
5690	2	892
5691	2	893
5692	2	894
5693	2	895
5694	2	896
5695	2	897
5696	2	898
5697	2	899
5698	2	900
5699	2	901
5700	2	902
5701	2	903
5702	2	904
5703	2	905
5704	2	906
5705	2	907
5706	2	908
5707	2	909
5708	2	910
5709	2	911
5710	2	912
5711	2	913
5712	2	914
5713	2	915
5714	2	916
5715	2	917
5716	2	918
5717	2	919
5718	2	920
5719	2	921
5720	2	922
5721	2	923
5722	2	924
5723	2	925
5724	2	926
5725	2	927
5726	2	928
5727	2	929
5728	2	930
5729	2	931
5730	2	932
5731	2	933
5732	2	934
5733	2	935
5734	2	936
5735	2	937
5736	2	938
5737	2	939
5738	2	940
5739	2	941
5740	2	942
5741	2	943
5742	2	944
5743	2	945
5744	2	946
5745	2	947
5746	2	948
5747	2	949
5748	2	950
5749	2	951
5750	2	952
5751	2	953
5752	2	954
5753	2	955
5754	2	956
5755	2	957
5756	2	958
5757	2	959
5758	2	960
5759	2	961
5760	2	962
5761	2	963
5762	2	964
5763	2	965
5764	2	966
5765	2	967
5766	2	968
5767	2	969
5768	2	970
5769	2	971
5770	2	972
5771	2	973
5772	2	974
5773	2	975
5774	2	976
5775	2	977
5776	2	978
5777	2	979
5778	2	980
5779	2	981
5780	2	982
5781	2	983
5782	2	984
5783	2	985
5784	2	986
5785	2	987
5786	2	988
5787	2	989
5788	2	990
5789	2	991
5790	2	992
5791	2	993
5792	2	994
5793	2	995
5794	2	996
5795	2	997
5796	2	998
5797	2	999
5798	2	1000
5799	2	1001
5800	2	1002
5801	2	1003
5802	2	1004
5803	2	1005
5804	2	1006
5805	2	1007
5806	2	1008
5807	2	1009
5808	2	1010
5809	2	1011
5810	2	1012
5811	2	1013
5812	2	1014
5813	2	1015
5814	2	1016
5815	2	1017
5816	2	1018
5817	2	1019
5818	2	1020
5819	2	1021
5820	2	1022
5821	2	1023
5822	2	1024
5823	2	1025
5824	2	1026
5825	2	1027
5826	2	1028
5827	2	1029
5828	2	1030
5829	2	1031
5830	2	1032
5831	2	1033
5832	2	1034
5833	2	1035
5834	2	1036
5835	2	1037
5836	2	1038
5837	2	1039
5838	2	1040
5839	2	1041
5840	2	1042
5841	2	1043
5842	2	1044
5843	2	1045
5844	2	1046
5845	2	1047
5846	2	1048
5847	2	1049
5848	2	1050
5849	2	1051
5850	2	1052
5851	2	1053
5852	2	1054
5853	2	1055
5854	2	1056
5855	2	1057
5856	2	1058
5857	2	1059
5858	2	1060
5859	2	1061
5860	2	1062
5861	2	1063
5862	2	1064
5863	2	1065
5864	2	1066
5865	2	1067
5866	2	1068
5867	2	1069
5868	2	1070
5869	2	1071
5870	2	1072
5871	2	1073
5872	2	1074
5873	2	1075
5874	2	1076
5875	2	1077
5876	2	1078
5877	2	1079
5878	2	1080
5879	2	1081
5880	2	1082
5881	2	1083
5882	2	1084
5883	2	1085
5884	2	1086
5885	2	1087
5886	2	1088
5887	2	1089
5888	2	1090
5889	2	1091
5890	2	1092
5891	2	1093
5892	2	1094
5893	2	1095
5894	2	1096
5895	2	1097
5896	2	1098
5897	2	1099
5898	2	1100
5899	2	1101
5900	2	1102
5901	2	1103
5902	2	1104
5903	2	1105
5904	2	1106
5905	2	1107
5906	2	1108
5907	2	1109
5908	2	1110
5909	2	1111
5910	2	1112
5911	2	1113
5912	2	1114
5913	2	1115
5914	2	1116
5915	2	1117
5916	2	1118
5917	2	1119
5918	2	1120
5919	2	1121
5920	2	1122
5921	2	1123
5922	2	1124
5923	2	1125
5924	2	1126
5925	2	1127
5926	2	1128
5927	2	1129
5928	2	1130
5929	2	1131
5930	2	1132
5931	2	1133
5932	2	1134
5933	2	1135
5934	2	1136
5935	2	1137
5936	2	1138
5937	2	1139
5938	2	1140
5939	2	1141
5940	2	1142
5941	2	1143
5942	2	1144
5943	2	1145
5944	2	1146
5945	2	1147
5946	2	1148
5947	2	1149
5948	2	1150
5949	2	1151
5950	2	1152
5951	2	1153
5952	2	1154
5953	2	1155
5954	2	1156
5955	2	1157
5956	2	1158
5957	2	1159
5958	2	1160
5959	2	1161
5960	2	1162
5961	2	1163
5962	2	1164
5963	2	1165
5964	2	1166
5965	2	1167
5966	2	1168
5967	2	1169
5968	2	1170
5969	2	1171
5970	2	1172
5971	2	1173
5972	2	1174
5973	2	1175
5974	2	1176
5975	2	1177
5976	2	1178
5977	2	1179
5978	2	1180
5979	2	1181
5980	2	1182
5981	2	1183
5982	2	1184
5983	2	1185
5984	2	1186
5985	2	1187
5986	2	1188
5987	2	1189
5988	2	1190
5989	2	1191
5990	2	1192
5991	2	1193
5992	2	1194
5993	2	1195
5994	2	1196
5995	2	1197
5996	2	1198
5997	2	1199
5998	2	1200
5999	2	1201
6000	2	1202
6001	2	1203
6002	2	1204
6003	2	1205
6004	2	1206
6005	2	1207
6006	2	1208
6007	2	1209
6008	2	1210
6009	2	1211
6010	2	1212
6011	2	1213
6012	2	1214
6013	2	1215
6014	2	1216
6015	2	1217
6016	2	1218
6017	2	1219
6018	2	1220
6019	2	1221
6020	2	1222
6021	2	1223
6022	2	1224
6023	2	1225
6024	2	1226
6025	2	1227
6026	2	1228
6027	2	1229
6028	2	1230
6029	2	1231
6030	2	1232
6031	2	1233
6032	2	1234
6033	2	1235
6034	2	1236
6035	2	1237
6036	2	1238
6037	2	1239
6038	2	1240
6039	2	1241
6040	2	1242
6041	2	1243
6042	2	1244
6043	2	1245
6044	2	1246
6045	2	1247
6046	2	1248
6047	2	1249
6048	2	1250
6049	2	1251
6050	2	1252
6051	2	1253
6052	2	1254
6053	2	1255
6054	2	1256
6055	2	1257
6056	2	1258
6057	2	1259
6058	2	1260
6059	2	1261
6060	2	1262
6061	2	1263
6062	2	1264
6063	2	1265
6064	2	1266
6065	2	1267
6066	2	1268
6067	2	1269
6068	2	1270
6069	2	1271
6070	2	1272
6071	2	1273
6072	2	1274
6073	2	1275
6074	2	1276
6075	2	1277
6076	2	1278
6077	2	1279
6078	2	1280
6079	2	1281
6080	2	1282
6081	2	1283
6082	2	1284
6083	2	1285
6084	2	1286
6085	2	1287
6086	2	1288
6087	2	1289
6088	2	1290
6089	2	1291
6090	2	1292
6091	2	1293
6092	2	1294
6093	2	1295
6094	2	1296
6095	2	1297
6096	2	1298
6097	2	1299
6098	2	1300
6099	2	1301
6100	2	1302
6101	2	1303
6102	2	1304
6103	2	1305
6104	2	1306
6105	2	1307
6106	2	1308
6107	2	1309
6108	2	1310
6109	2	1311
6110	2	1312
6111	2	1313
6112	2	1314
6113	2	1315
6114	2	1316
6115	2	1317
6116	2	1318
6117	2	1319
6118	2	1320
6119	2	1321
6120	2	1322
6121	2	1323
6122	2	1324
6123	2	1325
6124	2	1326
6125	2	1327
6126	2	1328
6127	2	1329
6128	2	1330
6129	2	1331
6130	2	1332
6131	2	1333
6132	2	1334
6133	2	1335
6134	2	1336
6135	2	1337
6136	2	1338
6137	2	1339
6138	2	1340
6139	2	1341
6140	2	1342
6141	2	1343
6142	2	1344
6143	2	1345
6144	2	1346
6145	2	1347
6146	2	1348
6147	2	1349
6148	2	1350
6149	2	1351
6150	2	1352
6151	2	1353
6152	2	1354
6153	2	1355
6154	2	1356
6155	2	1357
6156	2	1358
6157	2	1359
6158	2	1360
6159	2	1361
6160	2	1362
6161	2	1363
6162	2	1364
6163	2	1365
6164	2	1366
6165	2	1367
6166	2	1368
6167	2	1369
6168	2	1370
6169	2	1371
6170	2	1372
6171	2	1373
6172	2	1374
6173	2	1375
6174	2	1376
6175	2	1377
6176	2	1378
6177	2	1379
6178	2	1380
6179	2	1381
6180	2	1382
6181	2	1383
6182	2	1384
6183	2	1385
6184	2	1386
6185	2	1387
6186	2	1388
6187	2	1389
6188	2	1390
6189	2	1391
6190	2	1392
6191	2	1393
6192	2	1394
6193	2	1395
6194	2	1396
6195	2	1397
6196	2	1398
6197	2	1399
6198	2	1400
6199	2	1401
6200	2	1402
6201	2	1403
6202	2	1404
6203	2	1405
6204	2	1406
6205	2	1407
6206	2	1408
6207	2	1409
6208	2	1410
6209	2	1411
6210	2	1412
6211	2	1413
6212	2	1414
6213	2	1415
6214	2	1416
6215	2	1417
6216	2	1418
6217	2	1419
6218	2	1420
6219	2	1421
6220	2	1422
6221	2	1423
6222	2	1424
6223	2	1425
6224	2	1426
6225	2	1427
6226	2	1428
6227	2	1429
6228	2	1430
6229	2	1431
6230	2	1432
6231	2	1433
6232	2	1434
6233	2	1435
6234	2	1436
6235	2	1437
6236	2	1438
6237	2	1439
6238	2	1440
6239	2	1441
6240	2	1442
6241	2	1443
6242	2	1444
6243	2	1445
6244	2	1446
6245	2	1447
6246	2	1448
6247	2	1449
6248	2	1450
6249	2	1451
6250	2	1452
6251	2	1453
6252	2	1454
6253	2	1455
6254	2	1456
6255	2	1457
6256	2	1458
6257	2	1459
6258	2	1460
6259	2	1461
6260	2	1462
6261	2	1463
6262	2	1464
6263	2	1465
6264	2	1466
6265	2	1467
6266	2	1468
6267	2	1469
6268	2	1470
6269	2	1471
6270	2	1472
6271	2	1473
6272	2	1474
6273	2	1475
6274	2	1476
6275	2	1477
6276	2	1478
6277	2	1479
6278	2	1480
6279	2	1481
6280	2	1482
6281	2	1483
6282	2	1484
6283	2	1485
6284	2	1486
6285	2	1487
6286	2	1488
6287	2	1489
6288	2	1490
6289	2	1491
6290	2	1492
6291	2	1493
6292	2	1494
6293	2	1495
6294	2	1496
6295	2	1497
6296	2	1498
6297	2	1499
6298	2	1500
6299	2	1501
6300	2	1502
6301	2	1503
6302	2	1504
6303	2	1505
6304	2	1506
6305	2	1507
6306	2	1508
6307	2	1509
6308	2	1510
6309	2	1511
6310	2	1512
6311	2	1513
6312	2	1514
6313	2	1515
6314	2	1516
6315	2	1517
6316	2	1518
6317	2	1519
6318	2	1520
6319	2	1521
6320	2	1522
6321	2	1523
6322	2	1524
6323	2	1525
6324	2	1526
6325	2	1527
6326	2	1528
6327	2	1529
6328	2	1530
6329	2	1531
6330	2	1532
6331	2	1533
6332	2	1534
6333	2	1535
6334	2	1536
6335	2	1537
6336	2	1538
6337	2	1539
6338	2	1540
6339	2	1541
6340	2	1542
6341	2	1543
6342	2	1544
6343	2	1545
6344	2	1546
6345	2	1547
6346	2	1548
6347	2	1549
6348	2	1550
6349	2	1551
6350	2	1552
6351	2	1553
6352	2	1554
6353	2	1555
6354	2	1556
6355	2	1557
6356	2	1558
6357	2	1559
6358	2	1560
6359	2	1561
6360	2	1562
6361	2	1563
6362	2	1564
6363	2	1565
6364	2	1566
6365	2	1567
6366	2	1568
6367	2	1569
6368	2	1570
6369	2	1571
6370	2	1572
6371	2	1573
6372	2	1574
6373	2	1575
6374	2	1576
6375	2	1577
6376	2	1578
6377	2	1579
6378	2	1580
6379	2	1581
6380	2	1582
6381	2	1583
6382	2	1584
6383	2	1585
6384	2	1586
6385	2	1587
6386	2	1588
6387	2	1589
6388	2	1590
6389	2	1591
6390	2	1592
6391	2	1593
6392	2	1594
6393	2	1595
6394	2	1596
6395	2	1597
6396	2	1598
6397	2	1599
6398	2	1600
6399	2	1601
6400	2	1602
6401	2	1603
6402	2	1604
6403	2	1605
6404	2	1606
6405	2	1607
6406	2	1608
6407	2	1609
6408	2	1610
6409	2	1611
6410	2	1612
6411	2	1613
6412	2	1614
6413	2	1615
6414	2	1616
6415	2	1617
6416	2	1618
6417	2	1619
6418	2	1620
6419	2	1621
6420	2	1622
6421	2	1623
6422	2	1624
6423	2	1625
6424	2	1626
6425	2	1627
6426	2	1628
6427	2	1629
6428	2	1630
6429	2	1631
6430	2	1632
6431	2	1633
6432	2	1634
6433	2	1635
6434	2	1636
6435	2	1637
6436	2	1638
6437	2	1639
6438	2	1640
6439	2	1641
6440	2	1642
6441	2	1643
6442	2	1644
6443	2	1645
6444	2	1646
6445	2	1647
6446	2	1648
6447	2	1649
6448	2	1650
6449	2	1651
6450	2	1652
6451	2	1653
6452	2	1654
6453	2	1655
6454	2	1656
6455	2	1657
6456	2	1658
6457	2	1659
6458	2	1660
6459	2	1661
6460	2	1662
6461	2	1663
6462	2	1664
6463	2	1665
6464	2	1666
6465	2	1667
6466	2	1668
6467	2	1669
6468	2	1670
6469	2	1671
6470	2	1672
6471	2	1673
6472	2	1674
6473	2	1675
6474	2	1676
6475	2	1677
6476	2	1678
6477	2	1679
6478	2	1680
6479	2	1681
6480	2	1682
6481	2	1683
6482	2	1684
6483	2	1685
6484	2	1686
6485	2	1687
6486	2	1688
6487	2	1689
6488	2	1690
6489	2	1691
6490	2	1692
6491	2	1693
6492	2	1694
6493	2	1695
6494	2	1696
6495	2	1697
6496	2	1698
6497	2	1699
6498	2	1700
6499	2	1701
6500	2	1702
6501	2	1703
6502	2	1704
6503	2	1705
6504	2	1706
6505	2	1707
6506	2	1708
6507	2	1709
6508	2	1710
6509	2	1711
6510	2	1712
6511	2	1713
6512	2	1714
6513	2	1715
6514	2	1716
6515	2	1717
6516	2	1718
6517	2	1719
6518	2	1720
6519	2	1721
6520	2	1722
6521	2	1723
6522	2	1724
6523	2	1725
6524	2	1726
6525	2	1727
6526	2	1728
6527	2	1729
6528	2	1730
6529	2	1731
6530	2	1732
6531	2	1733
6532	2	1734
6533	2	1735
6534	2	1736
6535	2	1737
6536	2	1738
6537	2	1739
6538	2	1740
6539	2	1741
6540	2	1742
6541	2	1743
6542	2	1744
6543	2	1745
6544	2	1746
6545	2	1747
6546	2	1748
6547	2	1749
6548	2	1750
6549	2	1751
6550	2	1752
6551	2	1753
6552	2	1754
6553	2	1755
6554	2	1756
6555	2	1757
6556	2	1758
6557	2	1759
6558	2	1760
6559	2	1761
6560	2	1762
6561	2	1763
6562	2	1764
6563	2	1765
6564	2	1766
6565	2	1767
6566	2	1768
6567	2	1769
6568	2	1770
6569	2	1771
6570	2	1772
6571	2	1773
6572	2	1774
6573	2	1775
6574	2	1776
6575	2	1777
6576	2	1778
6577	2	1779
6578	2	1780
6579	2	1781
6580	2	1782
6581	2	1783
6582	2	1784
6583	2	1785
6584	2	1786
6585	2	1787
6586	2	1788
6587	2	1789
6588	2	1790
6589	2	1791
6590	2	1792
6591	2	1793
6592	2	1794
6593	2	1795
6594	2	1796
6595	2	1797
6596	2	1798
6597	2	1799
6598	2	1800
6599	2	1801
6600	2	1802
6601	2	1803
6602	2	1804
6603	2	1805
6604	2	1806
6605	2	1807
6606	2	1808
6607	2	1809
6608	2	1810
6609	2	1811
6610	2	1812
6611	2	1813
6612	2	1814
6613	2	1815
6614	2	1816
6615	2	1817
6616	2	1818
6617	2	1819
6618	2	1820
6619	2	1821
6620	2	1822
6621	2	1823
6622	2	1824
6623	2	1825
6624	2	1826
6625	2	1827
6626	2	1828
6627	2	1829
6628	2	1830
6629	2	1831
6630	2	1832
6631	2	1833
6632	2	1834
6633	2	1835
6634	2	1836
6635	2	1837
6636	2	1838
6637	2	1839
6638	2	1840
6639	2	1841
6640	2	1842
6641	2	1843
6642	2	1844
6643	2	1845
6644	2	1846
6645	2	1847
6646	2	1848
6647	2	1849
6648	2	1850
6649	2	1851
6650	2	1852
6651	2	1853
6652	2	1854
6653	2	1855
6654	2	1856
6655	2	1857
6656	2	1858
6657	2	1859
6658	2	1860
6659	2	1861
6660	2	1862
6661	2	1863
6662	2	1864
6663	2	1865
6664	2	1866
6665	2	1867
6666	2	1868
6667	2	1869
6668	2	1870
6669	2	1871
6670	2	1872
6671	2	1873
6672	2	1874
6673	2	1875
6674	2	1876
6675	2	1877
6676	2	1878
6677	2	1879
6678	2	1880
6679	2	1881
6680	2	1882
6681	2	1883
6682	2	1884
6683	2	1885
6684	2	1886
6685	2	1887
6686	2	1888
6687	2	1889
6688	2	1890
6689	2	1891
6690	2	1892
6691	2	1893
6692	2	1894
6693	2	1895
6694	2	1896
6695	2	1897
6696	2	1898
6697	2	1899
6698	2	1900
6699	2	1901
6700	2	1902
6701	2	1903
6702	2	1904
6703	2	1905
6704	2	1906
6705	2	1907
6706	2	1908
6707	2	1909
6708	2	1910
6709	2	1911
6710	2	1912
6711	2	1913
6712	2	1914
6713	2	1915
6714	2	1916
6715	2	1917
6716	2	1918
6717	2	1919
6718	2	1920
6719	2	1921
6720	2	1922
6721	2	1923
6722	2	1924
6723	2	1925
6724	2	1926
6725	2	1927
6726	2	1928
6727	2	1929
6728	2	1930
6729	2	1931
6730	2	1932
6731	2	1933
6732	2	1934
6733	2	1935
6734	2	1936
6735	2	1937
6736	2	1938
6737	2	1939
6738	2	1940
6739	2	1941
6740	2	1942
6741	2	1943
6742	2	1944
6743	2	1945
6744	2	1946
6745	2	1947
6746	2	1948
6747	2	1949
6748	2	1950
6749	2	1951
6750	2	1952
6751	2	1953
6752	2	1954
6753	2	1955
6754	2	1956
6755	2	1957
6756	2	1958
6757	2	1959
6758	2	1960
6759	2	1961
6760	2	1962
6761	2	1963
6762	2	1964
6763	2	1965
6764	2	1966
6765	2	1967
6766	2	1968
6767	2	1969
6768	2	1970
6769	2	1971
6770	2	1972
6771	2	1973
6772	2	1974
6773	2	1975
6774	2	1976
6775	2	1977
6776	2	1978
6777	2	1979
6778	2	1980
6779	2	1981
6780	2	1982
6781	2	1983
6782	2	1984
6783	2	1985
6784	2	1986
6785	2	1987
6786	2	1988
6787	2	1989
6788	2	1990
6789	2	1991
6790	2	1992
6791	2	1993
6792	2	1994
6793	2	1995
6794	2	1996
6795	2	1997
6796	2	1998
6797	2	1999
6798	2	2000
6799	2	2001
6800	2	2002
6801	2	2003
6802	2	2004
6803	2	2005
6804	2	2006
6805	2	2007
6806	2	2008
6807	2	2009
6808	2	2010
6809	2	2011
6810	2	2012
6811	2	2013
6812	2	2014
6813	2	2015
6814	2	2016
6815	2	2017
6816	2	2018
6817	2	2019
6818	2	2020
6819	2	2021
6820	2	2022
6821	2	2023
6822	2	2024
6823	2	2025
6824	2	2026
6825	2	2027
6826	2	2028
6827	2	2029
6828	2	2030
6829	2	2031
6830	2	2032
6831	2	2033
6832	2	2034
6833	2	2035
6834	2	2036
6835	2	2037
6836	2	2038
6837	2	2039
6838	2	2040
6839	2	2041
6840	2	2042
6841	2	2043
6842	2	2044
6843	2	2045
6844	2	2046
6845	2	2047
6846	2	2048
6847	2	2049
6848	2	2050
6849	2	2051
6850	2	2052
6851	2	2053
6852	2	2054
6853	2	2055
6854	2	2056
6855	2	2057
6856	2	2058
6857	2	2059
6858	2	2060
6859	2	2061
6860	2	2062
6861	2	2063
6862	2	2064
6863	2	2065
6864	2	2066
6865	2	2067
6866	2	2068
6867	2	2069
6868	2	2070
6869	2	2071
6870	2	2072
6871	2	2073
6872	2	2074
6873	2	2075
6874	2	2076
6875	2	2077
6876	2	2078
6877	2	2079
6878	2	2080
6879	2	2081
6880	2	2082
6881	2	2083
6882	2	2084
6883	2	2085
6884	2	2086
6885	2	2087
6886	2	2088
6887	2	2089
6888	2	2090
6889	2	2091
6890	2	2092
6891	2	2093
6892	2	2094
6893	2	2095
6894	2	2096
6895	2	2097
6896	2	2098
6897	2	2099
6898	2	2100
6899	2	2101
6900	2	2102
6901	2	2103
6902	2	2104
6903	2	2105
6904	2	2106
6905	2	2107
6906	2	2108
6907	2	2109
6908	2	2110
6909	2	2111
6910	2	2112
6911	2	2113
6912	2	2114
6913	2	2115
6914	2	2116
6915	2	2117
6916	2	2118
6917	2	2119
6918	2	2120
6919	2	2121
6920	2	2122
6921	2	2123
6922	2	2124
6923	2	2125
6924	2	2126
6925	2	2127
6926	2	2128
6927	2	2129
6928	2	2130
6929	2	2131
6930	2	2132
6931	2	2133
6932	2	2134
6933	2	2135
6934	2	2136
6935	2	2137
6936	2	2138
6937	2	2139
6938	2	2140
6939	2	2141
6940	2	2142
6941	2	2143
6942	2	2144
6943	2	2145
6944	2	2146
6945	2	2147
6946	2	2148
6947	2	2149
6948	2	2150
6949	2	2151
6950	2	2152
6951	2	2153
6952	2	2154
6953	2	2155
6954	2	2156
6955	2	2157
6956	2	2158
6957	2	2159
6958	2	2160
6959	2	2161
6960	2	2162
6961	2	2163
6962	2	2164
6963	2	2165
6964	2	2166
6965	2	2167
6966	2	2168
6967	2	2169
6968	2	2170
6969	2	2171
6970	2	2172
6971	2	2173
6972	2	2174
6973	2	2175
6974	2	2176
6975	2	2177
6976	2	2178
6977	2	2179
6978	2	2180
6979	2	2181
6980	2	2182
6981	2	2183
6982	2	2184
6983	2	2185
6984	2	2186
6985	2	2187
6986	2	2188
6987	2	2189
6988	2	2190
6989	2	2191
6990	2	2192
6991	2	2193
6992	2	2194
6993	2	2195
6994	2	2196
6995	2	2197
6996	2	2198
6997	2	2199
6998	2	2200
6999	2	2201
7000	2	2202
7001	2	2203
7002	2	2204
7003	2	2205
7004	2	2206
7005	2	2207
7006	2	2208
7007	2	2209
7008	2	2210
7009	2	2211
7010	2	2212
7011	2	2213
7012	2	2214
7013	2	2215
7014	2	2216
7015	2	2217
7016	2	2218
7017	2	2219
7018	2	2220
7019	2	2221
7020	2	2222
7021	2	2223
7022	2	2224
7023	2	2225
7024	2	2226
7025	2	2227
7026	2	2228
7027	2	2229
7028	2	2230
7029	2	2231
7030	2	2232
7031	2	2233
7032	2	2234
7033	2	2235
7034	2	2236
7035	2	2237
7036	2	2238
7037	2	2239
7038	2	2240
7039	2	2241
7040	2	2242
7041	2	2243
7042	2	2244
7043	2	2245
7044	2	2246
7045	2	2247
7046	2	2248
7047	2	2249
7048	2	2250
7049	2	2251
7050	2	2252
7051	2	2253
7052	2	2254
7053	2	2255
7054	2	2256
7055	2	2257
7056	2	2258
7057	2	2259
7058	2	2260
7059	2	2261
7060	2	2262
7061	2	2263
7062	2	2264
7063	2	2265
7064	2	2266
7065	2	2267
7066	2	2268
7067	2	2269
7068	2	2270
7069	2	2271
7070	2	2272
7071	2	2273
7072	2	2274
7073	2	2275
7074	2	2276
7075	2	2277
7076	2	2278
7077	2	2279
7078	2	2280
7079	2	2281
7080	2	2282
7081	2	2283
7082	2	2284
7083	2	2285
7084	2	2286
7085	2	2287
7086	2	2288
7087	2	2289
7088	2	2290
7089	2	2291
7090	2	2292
7091	2	2293
7092	2	2294
7093	2	2295
7094	2	2296
7095	2	2297
7096	2	2298
7097	2	2299
7098	2	2300
7099	2	2301
7100	2	2302
7101	2	2303
7102	2	2304
7103	2	2305
7104	2	2306
7105	2	2307
7106	2	2308
7107	2	2309
7108	2	2310
7109	2	2311
7110	2	2312
7111	2	2313
7112	2	2314
7113	2	2315
7114	2	2316
7115	2	2317
7116	2	2318
7117	2	2319
7118	2	2320
7119	2	2321
7120	2	2322
7121	2	2323
7122	2	2324
7123	2	2325
7124	2	2326
7125	2	2327
7126	2	2328
7127	2	2329
7128	2	2330
7129	2	2331
7130	2	2332
7131	2	2333
7132	2	2334
7133	2	2335
7134	2	2336
7135	2	2337
7136	2	2338
7137	2	2339
7138	2	2340
7139	2	2341
7140	2	2342
7141	2	2343
7142	2	2344
7143	2	2345
7144	2	2346
7145	2	2347
7146	2	2348
7147	2	2349
7148	2	2350
7149	2	2351
7150	2	2352
7151	2	2353
7152	2	2354
7153	2	2355
7154	2	2356
7155	2	2357
7156	2	2358
7157	2	2359
7158	2	2360
7159	2	2361
7160	2	2362
7161	2	2363
7162	2	2364
7163	2	2365
7164	2	2366
7165	2	2367
7166	2	2368
7167	2	2369
7168	2	2370
7169	2	2371
7170	2	2372
7171	2	2373
7172	2	2374
7173	2	2375
7174	2	2376
7175	2	2377
7176	2	2378
7177	2	2379
7178	2	2380
7179	2	2381
7180	2	2382
7181	2	2383
7182	2	2384
7183	2	2385
7184	2	2386
7185	2	2387
7186	2	2388
7187	2	2389
7188	2	2390
7189	2	2391
7190	2	2392
7191	2	2393
7192	2	2394
7193	2	2395
7194	2	2396
7195	2	2397
7196	2	2398
7197	2	2399
7198	2	2400
7199	2	2401
7200	2	2402
7201	2	2403
7202	2	2404
7203	2	2405
7204	2	2406
7205	2	2407
7206	2	2408
7207	2	2409
7208	2	2410
7209	2	2411
7210	2	2412
7211	2	2413
7212	2	2414
7213	2	2415
7214	2	2416
7215	2	2417
7216	2	2418
7217	2	2419
7218	2	2420
7219	2	2421
7220	2	2422
7221	2	2423
7222	2	2424
7223	2	2425
7224	2	2426
7225	2	2427
7226	2	2428
7227	2	2429
7228	2	2430
7229	2	2431
7230	2	2432
7231	2	2433
7232	2	2434
7233	2	2435
7234	2	2436
7235	2	2437
7236	2	2438
7237	2	2439
7238	2	2440
7239	2	2441
7240	2	2442
7241	2	2443
7242	2	2444
7243	2	2445
7244	2	2446
7245	2	2447
7246	2	2448
7247	2	2449
7248	2	2450
7249	2	2451
7250	2	2452
7251	2	2453
7252	2	2454
7253	2	2455
7254	2	2456
7255	2	2457
7256	2	2458
7257	2	2459
7258	2	2460
7259	2	2461
7260	2	2462
7261	2	2463
7262	2	2464
7263	2	2465
7264	2	2466
7265	2	2467
7266	2	2468
7267	2	2469
7268	2	2470
7269	2	2471
7270	2	2472
7271	2	2473
7272	2	2474
7273	2	2475
7274	2	2476
7275	2	2477
7276	2	2478
7277	2	2479
7278	2	2480
7279	2	2481
7280	2	2482
7281	2	2483
7282	2	2484
7283	2	2485
7284	2	2486
7285	2	2487
7286	2	2488
7287	2	2489
7288	2	2490
7289	2	2491
7290	2	2492
7291	2	2493
7292	2	2494
7293	2	2495
7294	2	2496
7295	2	2497
7296	2	2498
7297	2	2499
7298	2	2500
7299	2	2501
7300	2	2502
7301	2	2503
7302	2	2504
7303	2	2505
7304	2	2506
7305	2	2507
7306	2	2508
7307	2	2509
7308	2	2510
7309	2	2511
7310	2	2512
7311	2	2513
7312	2	2514
7313	2	2515
7314	2	2516
7315	2	2517
7316	2	2518
7317	2	2519
7318	2	2520
7319	2	2521
7320	2	2522
7321	2	2523
7322	2	2524
7323	2	2525
7324	2	2526
7325	2	2527
7326	2	2528
7327	2	2529
7328	2	2530
7329	2	2531
7330	2	2532
7331	2	2533
7332	2	2534
7333	2	2535
7334	2	2536
7335	2	2537
7336	2	2538
7337	2	2539
7338	2	2540
7339	2	2541
7340	2	2542
7341	2	2543
7342	2	2544
7343	2	2545
7344	2	2546
7345	2	2547
7346	2	2548
7347	2	2549
7348	2	2550
7349	2	2551
7350	2	2552
7351	2	2553
7352	2	2554
7353	2	2555
7354	2	2556
7355	2	2557
7356	2	2558
7357	2	2559
7358	2	2560
7359	2	2561
7360	2	2562
7361	2	2563
7362	2	2564
7363	2	2565
7364	2	2566
7365	2	2567
7366	2	2568
7367	2	2569
7368	2	2570
7369	2	2571
7370	2	2572
7371	2	2573
7372	2	2574
7373	2	2575
7374	2	2576
7375	2	2577
7376	2	2578
7377	2	2579
7378	2	2580
7379	2	2581
7380	2	2582
7381	2	2583
7382	2	2584
7383	2	2585
7384	2	2586
7385	2	2587
7386	2	2588
7387	2	2589
7388	2	2590
7389	2	2591
7390	2	2592
7391	2	2593
7392	2	2594
7393	2	2595
7394	2	2596
7395	2	2597
7396	2	2598
7397	2	2599
7398	2	2600
7399	2	2601
7400	2	2602
7401	2	2603
7402	2	2604
7403	2	2605
7404	2	2606
7405	2	2607
7406	2	2608
7407	2	2609
7408	2	2610
7409	2	2611
7410	2	2612
7411	2	2613
7412	2	2614
7413	2	2615
7414	2	2616
7415	2	2617
7416	2	2618
7417	2	2619
7418	2	2620
7419	2	2621
7420	2	2622
7421	2	2623
7422	2	2624
7423	2	2625
7424	2	2626
7425	2	2627
7426	2	2628
7427	2	2629
7428	2	2630
7429	2	2631
7430	2	2632
7431	2	2633
7432	2	2634
7433	2	2635
7434	2	2636
7435	2	2637
7436	2	2638
7437	2	2639
7438	2	2640
7439	2	2641
7440	2	2642
7441	2	2643
7442	2	2644
7443	2	2645
7444	2	2646
7445	2	2647
7446	2	2648
7447	2	2649
7448	2	2650
7449	2	2651
7450	2	2652
7451	2	2653
7452	2	2654
7453	2	2655
7454	2	2656
7455	2	2657
7456	2	2658
7457	2	2659
7458	2	2660
7459	2	2661
7460	2	2662
7461	2	2663
7462	2	2664
7463	2	2665
7464	2	2666
7465	2	2667
7466	2	2668
7467	2	2669
7468	2	2670
7469	2	2671
7470	2	2672
7471	2	2673
7472	2	2674
7473	2	2675
7474	2	2676
7475	2	2677
7476	2	2678
7477	2	2679
7478	2	2680
7479	2	2681
7480	2	2682
7481	2	2683
7482	2	2684
7483	2	2685
7484	2	2686
7485	2	2687
7486	2	2688
7487	2	2689
7488	2	2690
7489	2	2691
7490	2	2692
7491	2	2693
7492	2	2694
7493	2	2695
7494	2	2696
7495	2	2697
7496	2	2698
7497	2	2699
7498	2	2700
7499	2	2701
7500	2	2702
7501	2	2703
7502	2	2704
7503	2	2705
7504	2	2706
7505	2	2707
7506	2	2708
7507	2	2709
7508	2	2710
7509	2	2711
7510	2	2712
7511	2	2713
7512	2	2714
7513	2	2715
7514	2	2716
7515	2	2717
7516	2	2718
7517	2	2719
7518	2	2720
7519	2	2721
7520	2	2722
7521	2	2723
7522	2	2724
7523	2	2725
7524	2	2726
7525	2	2727
7526	2	2728
7527	2	2729
7528	2	2730
7529	2	2731
7530	2	2732
7531	2	2733
7532	2	2734
7533	2	2735
7534	2	2736
7535	2	2737
7536	2	2738
7537	2	2739
7538	2	2740
7539	2	2741
7540	2	2742
7541	2	2743
7542	2	2744
7543	2	2745
7544	2	2746
7545	2	2747
7546	2	2748
7547	2	2749
7548	2	2750
7549	2	2751
7550	2	2752
7551	2	2753
7552	2	2754
7553	2	2755
7554	2	2756
7555	2	2757
7556	2	2758
7557	2	2759
7558	2	2760
7559	2	2761
7560	2	2762
7561	2	2763
7562	2	2764
7563	2	2765
7564	2	2766
7565	2	2767
7566	2	2768
7567	2	2769
7568	2	2770
7569	2	2771
7570	2	2772
7571	2	2773
7572	2	2774
7573	2	2775
7574	2	2776
7575	2	2777
7576	2	2778
7577	2	2779
7578	2	2780
7579	2	2781
7580	2	2782
7581	2	2783
7582	2	2784
7583	2	2785
7584	2	2786
7585	2	2787
7586	2	2788
7587	2	2789
7588	2	2790
7589	2	2791
7590	2	2792
7591	2	2793
7592	2	2794
7593	2	2795
7594	2	2796
7595	2	2797
7596	2	2798
7597	2	2799
7598	2	2800
7599	2	2801
7600	2	2802
7601	2	2803
7602	2	2804
7603	2	2805
7604	2	2806
7605	2	2807
7606	2	2808
7607	2	2809
7608	2	2810
7609	2	2811
7610	2	2812
7611	2	2813
7612	2	2814
7613	2	2815
7614	2	2816
7615	2	2817
7616	2	2818
7617	2	2819
7618	2	2820
7619	2	2821
7620	2	2822
7621	2	2823
7622	2	2824
7623	2	2825
7624	2	2826
7625	2	2827
7626	2	2828
7627	2	2829
7628	2	2830
7629	2	2831
7630	2	2832
7631	2	2833
7632	2	2834
7633	2	2835
7634	2	2836
7635	2	2837
7636	2	2838
7637	2	2839
7638	2	2840
7639	2	2841
7640	2	2842
7641	2	2843
7642	2	2844
7643	2	2845
7644	2	2846
7645	2	2847
7646	2	2848
7647	2	2849
7648	2	2850
7649	2	2851
7650	2	2852
7651	2	2853
7652	2	2854
7653	2	2855
7654	2	2856
7655	2	2857
7656	2	2858
7657	2	2859
7658	2	2860
7659	2	2861
7660	2	2862
7661	2	2863
7662	2	2864
7663	2	2865
7664	2	2866
7665	2	2867
7666	2	2868
7667	2	2869
7668	2	2870
7669	2	2871
7670	2	2872
7671	2	2873
7672	2	2874
7673	2	2875
7674	2	2876
7675	2	2877
7676	2	2878
7677	2	2879
7678	2	2880
7679	2	2881
7680	2	2882
7681	2	2883
7682	2	2884
7683	2	2885
7684	2	2886
7685	2	2887
7686	2	2888
7687	2	2889
7688	2	2890
7689	2	2891
7690	2	2892
7691	2	2893
7692	2	2894
7693	2	2895
7694	2	2896
7695	2	2897
7696	2	2898
7697	2	2899
7698	2	2900
7699	2	2901
7700	2	2902
7701	2	2903
7702	2	2904
7703	2	2905
7704	2	2906
7705	2	2907
7706	2	2908
7707	2	2909
7708	2	2910
7709	2	2911
7710	2	2912
7711	2	2913
7712	2	2914
7713	2	2915
7714	2	2916
7715	2	2917
7716	2	2918
7717	2	2919
7718	2	2920
7719	2	2921
7720	2	2922
7721	2	2923
7722	2	2924
7723	2	2925
7724	2	2926
7725	2	2927
7726	2	2928
7727	2	2929
7728	2	2930
7729	2	2931
7730	2	2932
7731	2	2933
7732	2	2934
7733	2	2935
7734	2	2936
7735	2	2937
7736	2	2938
7737	2	2939
7738	2	2940
7739	2	2941
7740	2	2942
7741	2	2943
7742	2	2944
7743	2	2945
7744	2	2946
7745	2	2947
7746	2	2948
7747	2	2949
7748	2	2950
7749	2	2951
7750	2	2952
7751	2	2953
7752	2	2954
7753	2	2955
7754	2	2956
7755	2	2957
7756	2	2958
7757	2	2959
7758	2	2960
7759	2	2961
7760	2	2962
7761	2	2963
7762	2	2964
7763	2	2965
7764	2	2966
7765	2	2967
7766	2	2968
7767	2	2969
7768	2	2970
7769	2	2971
7770	2	2972
7771	2	2973
7772	2	2974
7773	2	2975
7774	2	2976
7775	2	2977
7776	2	2978
7777	2	2979
7778	2	2980
7779	2	2981
7780	2	2982
7781	2	2983
7782	2	2984
7783	2	2985
7784	2	2986
7785	2	2987
7786	2	2988
7787	2	2989
7788	2	2990
7789	2	2991
7790	2	2992
7791	2	2993
7792	2	2994
7793	2	2995
7794	2	2996
7795	2	2997
7796	2	2998
7797	2	2999
7798	2	3000
7799	2	3001
7800	2	3002
7801	2	3003
7802	2	3004
7803	2	3005
7804	2	3006
7805	2	3007
7806	2	3008
7807	2	3009
7808	2	3010
7809	2	3011
7810	2	3012
7811	2	3013
7812	2	3014
7813	2	3015
7814	2	3016
7815	2	3017
7816	2	3018
7817	2	3019
7818	2	3020
7819	2	3021
7820	2	3022
7821	2	3023
7822	2	3024
7823	2	3025
7824	2	3026
7825	2	3027
7826	2	3028
7827	2	3029
7828	2	3030
7829	2	3031
7830	2	3032
7831	2	3033
7832	2	3034
7833	2	3035
7834	2	3036
7835	2	3037
7836	2	3038
7837	2	3039
7838	2	3040
7839	2	3041
7840	2	3042
7841	2	3043
7842	2	3044
7843	2	3045
7844	2	3046
7845	2	3047
7846	2	3048
7847	2	3049
7848	2	3050
7849	2	3051
7850	2	3052
7851	2	3053
7852	2	3054
7853	2	3055
7854	2	3056
7855	2	3057
7856	2	3058
7857	2	3059
7858	2	3060
7859	2	3061
7860	2	3062
7861	2	3063
7862	2	3064
7863	2	3065
7864	2	3066
7865	2	3067
7866	2	3068
7867	2	3069
7868	2	3070
7869	2	3071
7870	2	3072
7871	2	3073
7872	2	3074
7873	2	3075
7874	2	3076
7875	2	3077
7876	2	3078
7877	2	3079
7878	2	3080
7879	2	3081
7880	2	3082
7881	2	3083
7882	2	3084
7883	2	3085
7884	2	3086
7885	2	3087
7886	2	3088
7887	2	3089
7888	2	3090
7889	2	3091
7890	2	3092
7891	2	3093
7892	2	3094
7893	2	3095
7894	2	3096
7895	2	3097
7896	2	3098
7897	2	3099
7898	2	3100
7899	2	3101
7900	2	3102
7901	2	3103
7902	2	3104
7903	2	3105
7904	2	3106
7905	2	3107
7906	2	3108
7907	2	3109
7908	2	3110
7909	2	3111
7910	2	3112
7911	2	3113
7912	2	3114
7913	2	3115
7914	2	3116
7915	2	3117
7916	2	3118
7917	2	3119
7918	2	3120
7919	2	3121
7920	2	3122
7921	2	3123
7922	2	3124
7923	2	3125
7924	2	3126
7925	2	3127
7926	2	3128
7927	2	3129
7928	2	3130
7929	2	3131
7930	2	3132
7931	2	3133
7932	2	3134
7933	2	3135
7934	2	3136
7935	2	3137
7936	2	3138
7937	2	3139
7938	2	3140
7939	2	3141
7940	2	3142
7941	2	3143
7942	2	3144
7943	2	3145
7944	2	3146
7945	2	3147
7946	2	3148
7947	2	3149
7948	2	3150
7949	2	3151
7950	2	3152
7951	2	3153
7952	2	3154
7953	2	3155
7954	2	3156
7955	2	3157
7956	2	3158
7957	2	3159
7958	2	3160
7959	2	3161
7960	2	3162
7961	2	3163
7962	2	3164
7963	2	3165
7964	2	3166
7965	2	3167
7966	2	3168
7967	2	3169
7968	2	3170
7969	2	3171
7970	2	3172
7971	2	3173
7972	2	3174
7973	2	3175
7974	2	3176
7975	2	3177
7976	2	3178
7977	2	3179
7978	2	3180
7979	2	3181
7980	2	3182
7981	2	3183
7982	2	3184
7983	2	3185
7984	2	3186
7985	2	3187
7986	2	3188
7987	2	3189
7988	2	3190
7989	2	3191
7990	2	3192
7991	2	3193
7992	2	3194
7993	2	3195
7994	2	3196
7995	2	3197
7996	2	3198
7997	2	3199
7998	2	3200
7999	2	3201
8000	2	3202
8001	2	3203
8002	2	3204
8003	2	3205
8004	2	3206
8005	2	3207
8006	2	3208
8007	2	3209
8008	2	3210
8009	2	3211
8010	2	3212
8011	2	3213
8012	2	3214
8013	2	3215
8014	2	3216
8015	2	3217
8016	2	3218
8017	2	3219
8018	2	3220
8019	2	3221
8020	2	3222
8021	2	3223
8022	2	3224
8023	2	3225
8024	2	3226
8025	2	3227
8026	2	3228
8027	2	3229
8028	2	3230
8029	2	3231
8030	2	3232
8031	2	3233
8032	2	3234
8033	2	3235
8034	2	3236
8035	2	3237
8036	2	3238
8037	2	3239
8038	2	3240
8039	2	3241
8040	2	3242
8041	2	3243
8042	2	3244
8043	2	3245
8044	2	3246
8045	2	3247
8046	2	3248
8047	2	3249
8048	2	3250
8049	2	3251
8050	2	3252
8051	2	3253
8052	2	3254
8053	2	3255
8054	2	3256
8055	2	3257
8056	2	3258
8057	2	3259
8058	2	3260
8059	2	3261
8060	2	3262
8061	2	3263
8062	2	3264
8063	2	3265
8064	2	3266
8065	2	3267
8066	2	3268
8067	2	3269
8068	2	3270
8069	2	3271
8070	2	3272
8071	2	3273
8072	2	3274
8073	2	3275
8074	2	3276
8075	2	3277
8076	2	3278
8077	2	3279
8078	2	3280
8079	2	3281
8080	2	3282
8081	2	3283
8082	2	3284
8083	2	3285
8084	2	3286
8085	2	3287
8086	2	3288
8087	2	3289
8088	2	3290
8089	2	3291
8090	2	3292
8091	2	3293
8092	2	3294
8093	2	3295
8094	2	3296
8095	2	3297
8096	2	3298
8097	2	3299
8098	2	3300
8099	2	3301
8100	2	3302
8101	2	3303
8102	2	3304
8103	2	3305
8104	2	3306
8105	2	3307
8106	2	3308
8107	2	3309
8108	2	3310
8109	2	3311
8110	2	3312
8111	2	3313
8112	2	3314
8113	2	3315
8114	2	3316
8115	2	3317
8116	2	3318
8117	2	3319
8118	2	3320
8119	2	3321
8120	2	3322
8121	2	3323
8122	2	3324
8123	2	3325
8124	2	3326
8125	2	3327
8126	2	3328
8127	2	3329
8128	2	3330
8129	2	3331
8130	2	3332
8131	2	3333
8132	2	3334
8133	2	3335
8134	2	3336
8135	2	3337
8136	2	3338
8137	2	3339
8138	2	3340
8139	2	3341
8140	2	3342
8141	2	3343
8142	2	3344
8143	2	3345
8144	2	3346
8145	2	3347
8146	2	3348
8147	2	3349
8148	2	3350
8149	2	3351
8150	2	3352
8151	2	3353
8152	2	3354
8153	2	3355
8154	2	3356
8155	2	3357
8156	2	3358
8157	2	3359
8158	2	3360
8159	2	3361
8160	2	3362
8161	2	3363
8162	2	3364
8163	2	3365
8164	2	3366
8165	2	3367
8166	2	3368
8167	2	3369
8168	2	3370
8169	2	3371
8170	2	3372
8171	2	3373
8172	2	3374
8173	2	3375
8174	2	3376
8175	2	3377
8176	2	3378
8177	2	3379
8178	2	3380
8179	2	3381
8180	2	3382
8181	2	3383
8182	2	3384
8183	2	3385
8184	2	3386
8185	2	3387
8186	2	3388
8187	2	3389
8188	2	3390
8189	2	3391
8190	2	3392
8191	2	3393
8192	2	3394
8193	2	3395
8194	2	3396
8195	2	3397
8196	2	3398
8197	2	3399
8198	2	3400
8199	2	3401
8200	2	3402
8201	2	3403
8202	2	3404
8203	2	3405
8204	2	3406
8205	2	3407
8206	2	3408
8207	2	3409
8208	2	3410
8209	2	3411
8210	2	3412
8211	2	3413
8212	2	3414
8213	2	3415
8214	2	3416
8215	2	3417
8216	2	3418
8217	2	3419
8218	2	3420
8219	2	3421
8220	2	3422
8221	2	3423
8222	2	3424
8223	2	3425
8224	2	3426
8225	2	3427
8226	2	3428
8227	2	3429
8228	2	3430
8229	2	3431
8230	2	3432
8231	2	3433
8232	2	3434
8233	2	3435
8234	2	3436
8235	2	3437
8236	2	3438
8237	2	3439
8238	2	3440
8239	2	3441
8240	2	3442
8241	2	3443
8242	2	3444
8243	2	3445
8244	2	3446
8245	2	3447
8246	2	3448
8247	2	3449
8248	2	3450
8249	2	3451
8250	2	3452
8251	2	3453
8252	2	3454
8253	2	3455
